| common ID | Swift name |   Fermi name | BAT Trigger-time | GBM Trigger-time | BAT RA | GBM RA | BAT Dec | GBM Dec | BAT T90 | GBM T90 | GBM T90_error | redshift |     GBM flux | GBM flux_error |    Epeak | Epeak_error |      alpha | alpha_error |      beta |   beta_error |      Luminosity | Luminosity_error |
|    161129 |    161129A | GRB161129300 |            7.194 |            7.194 | 21.081 | 21.082 |  32.137 |  32.136 |   35.53 |  36.096 |         0.724 |    0.645 | 8.389596e-07 |   8.916533e-08 | 275.5368 |    58.74482 | -0.8779568 |   0.1441641 | -13.78125 |    1629616.0 |   0.14901987585 |   0.144487343491 |
|    161117 |    161117A | GRB161117066 |            1.593 |            1.592 |  21.47 |  21.47 | -29.612 |  -29.61 |   125.7 | 122.178 |         0.659 |    1.549 | 7.345907e-07 |    7.91886e-08 | 70.51263 |    7.182095 | -0.8129429 |   0.1804556 | -3.131097 |     29.20988 |   1.32776864517 |    1.28940032778 |
|    161017 |    161017A | GRB161017745 |           17.864 |           17.869 |  9.518 |  9.518 |  43.125 |  43.142 |   216.3 |  32.256 |         8.083 |    2.012 | 7.984749e-07 |   1.087609e-07 | 416.6937 |    138.0267 |  -1.229788 |   0.1424991 | -5.099497 |     123.8307 |   2.61689303534 |    2.61562209437 |
|    161014 |    161014A | GRB161014522 |           12.523 |           12.521 | 22.175 | 22.177 |   7.467 |   7.469 |    18.3 |  36.609 |         1.493 |    2.823 | 7.285402e-07 |    7.23499e-08 | 202.0655 |    27.06123 | -0.5176876 |   0.1278938 | -11.96093 |     154897.1 |   5.10106043195 |    4.91033983782 |
|    160804 |    160804A | GRB160804065 |            1.546 |            1.571 | 14.777 | 14.775 |  10.002 |   9.999 |   144.2 | 131.586 |        21.723 |    0.736 | 4.182944e-07 |   6.692841e-08 | 86.65006 |    58.73652 |  -1.018988 |   0.4247167 | -2.028896 |     3.246361 | 0.0985552787168 |   0.100852273132 |
|    151111 |    151111A | GRB151111356 |            8.556 |            8.556 |   3.79 |   3.79 | -44.154 | -44.161 |   76.93 |  46.336 |         4.382 |      3.5 | 1.368539e-07 |   5.791084e-08 | 108.4304 |     44.1952 |  0.3111471 |    1.152251 | -2.770742 |     1.780137 |   1.53106850069 |    1.96966093302 |
|    150727 |    150727A | GRB150727793 |           19.034 |           19.032 | 13.598 | 13.599 |  -18.32 |  -18.36 |    88.0 |  49.409 |         3.974 |    0.313 | 3.708029e-07 |   5.216092e-08 | 85.85712 |    53.78795 |   1.732012 |    3.598159 | -1.699293 |    0.1911544 | 0.0101152450228 |  0.0101554404105 |
|    150403 |    150403A | GRB150403913 |           21.904 |           21.903 | 20.767 | 20.767 | -62.706 | -62.712 |    40.9 |  22.272 |          0.81 |     2.06 | 8.930864e-06 |   1.770645e-07 | 509.2573 |     33.6835 | -0.6716096 |  0.03419109 | -2.185594 |   0.07740498 |   23.7676976058 |    20.9899589794 |
|    150314 |    150314A | GRB150314205 |            4.921 |            4.914 |  8.444 |  8.445 |  63.839 |  63.834 |   14.79 |  10.688 |         0.143 |    1.758 | 1.594302e-05 |   1.957966e-07 | 298.0226 |    9.404712 | -0.4062712 |  0.02975524 |  -2.54075 |   0.08322588 |   31.8144569489 |    27.8562473379 |
|    150301 |    150301B | GRB150301818 |           19.634 |           19.635 |  5.944 |  5.944 | -57.969 | -57.977 |   12.44 |  13.312 |         1.557 |    1.516 | 5.098332e-07 |   6.204709e-08 | 173.9901 |    37.03205 | -0.9519986 |   0.1700398 | -8.472443 |     5166.644 |  0.813517315912 |   0.801318056192 |
|    141225 |    141225A | GRB141225959 |           23.019 |           23.021 |   9.25 |   9.25 |  33.774 |  33.795 |   40.24 |   56.32 |         4.891 |    0.915 | 5.388171e-07 |    6.85633e-08 | 144.9585 |    46.55534 |   1.020943 |    1.115846 | -1.949072 |    0.2712374 |   0.18700380706 |   0.185236874609 |
|    141221 |    141221A | GRB141221338 |            8.119 |             8.12 | 13.219 | 13.219 |   8.197 |   8.205 |    36.9 |  23.808 |         1.717 |    1.452 | 7.904256e-07 |    1.15847e-07 | 321.4502 |    113.6674 |  -1.075274 |   0.1512575 | -6.315468 |     663.1096 |   1.10628522094 |    1.11720022033 |
|    141220 |    141220A | GRB141220252 |            6.048 |            6.048 | 13.004 | 13.004 |  32.146 |  32.134 |    7.21 |   7.616 |         0.923 |    1.319 | 2.117483e-06 |   8.305089e-08 | 214.7644 |    13.25492 | -0.5247201 |   0.0726953 | -6.884309 |     114.6007 |     2.209439787 |    1.99407476008 |
|    141004 |    141004A | GRB141004973 |           23.348 |           23.348 |  5.115 |  5.117 |  12.828 |  12.824 |    3.92 |    2.56 |         0.607 |     0.57 | 9.200621e-07 |   6.785987e-08 | 31.42726 |    10.46519 |   0.430436 |    1.472029 | -1.876706 |   0.07295307 |  0.106140198144 |  0.0994596584992 |
|    140907 |    140907A | GRB140907672 |           16.119 |            16.12 |  3.209 |   3.21 |  46.596 |  46.595 |    79.2 |  35.841 |         5.473 |     1.21 | 3.966677e-07 |   5.942691e-08 | 100.9105 |    20.21665 | -0.5107521 |   0.3207389 | -2.697765 |    0.7343317 |  0.335569794984 |   0.339972097359 |
|    140703 |    140703A | GRB140703026 |            0.621 |            0.619 |  0.867 |  0.866 |  45.102 |  45.102 |    67.1 |  83.969 |         2.996 |     3.14 | 6.745515e-07 |   6.239824e-08 |  231.937 |    68.78095 | -0.6993421 |    0.205836 | -2.343059 |    0.6634687 |   5.53417873827 |    5.28960588395 |
|    140512 |    140512A | GRB140512814 |            19.53 |           19.528 | 19.291 | 19.291 | -15.087 |   -15.1 |   154.8 |  147.97 |          2.36 |    0.725 | 2.412542e-06 |   1.095499e-07 | 574.5997 |    95.10731 |  -1.000091 |  0.05600901 | -4.373419 |     15.75352 |  0.567255607734 |   0.515471996352 |
|    140506 |    140506A | GRB140506880 |           21.127 |           21.127 | 18.454 | 18.452 | -55.556 | -55.635 |   111.1 |  64.128 |         2.005 |    0.889 | 2.063603e-06 |   1.239047e-07 | 137.9078 |    21.04441 | -0.4840102 |    0.212411 | -2.426817 |    0.2519705 |  0.773736491529 |   0.714426830374 |
|    140423 |    140423A | GRB140423356 |            8.531 |            8.544 | 13.152 | 13.153 |  49.838 |  49.842 |   134.0 |  95.233 |        11.585 |     3.26 | 4.531803e-07 |   7.436924e-08 | 176.3977 |    85.90405 | -0.4857503 |    0.457935 | -2.060719 |     0.511084 |   3.53491415189 |    3.63180165918 |
|    140304 |    140304A | GRB140304557 |           13.375 |           13.375 |  2.044 |  2.043 |   33.48 |  33.474 |    15.6 |  31.232 |         8.719 |    5.283 | 3.665835e-07 |   6.775194e-08 | 165.1635 |    91.63031 | -0.5597252 |   0.5317759 | -2.065304 |    0.5721725 |   8.91235129137 |    9.34124462323 |
|    140213 |    140213A | GRB140213807 |            19.36 |           19.359 |  7.011 |  7.015 | -73.136 | -73.136 |    60.0 |  18.624 |         0.716 |    1.207 | 2.924191e-06 |    7.94907e-08 | 84.22611 |    3.368298 | -0.8443649 |  0.05713401 | -2.891428 |    0.1713115 |   2.68551115128 |    2.39141374734 |
|    140206 |    140206A | GRB140206304 |            7.289 |            7.304 |  9.688 |  9.689 |  66.762 |  66.761 |    93.6 |  27.264 |         1.243 |     2.73 | 2.626915e-06 |   9.661077e-08 | 112.1012 |    7.155801 |  0.6408532 |   0.2069289 |  -2.50134 |     0.120435 |   15.3023995995 |    13.7733962448 |
|    131105 |    131105A | GRB131105087 |            2.079 |            2.082 |  4.732 |  4.734 | -63.005 | -62.981 |   112.3 | 112.642 |         0.462 |    1.686 | 1.613066e-06 |   8.845868e-08 | 453.4917 |    75.79134 |  -1.031655 |  0.06232928 | -16.37695 |   14813320.0 |   3.20082799922 |    2.93881585478 |
|    131004 |    131004A | GRB131004904 |           21.684 |           21.684 | 19.741 | 19.741 |  -2.952 |   -2.96 |    1.54 |   1.152 |          0.59 |    0.717 | 8.913636e-07 |   2.606967e-07 | 143.9829 |    89.52818 |  -1.253728 |   0.4618787 | -19.41504 | 3146108000.0 |  0.237292144852 |   0.274255872147 |
|    130612 |    130612A | GRB130612141 |            3.373 |            3.373 | 17.318 |  17.32 |  16.729 |  16.706 |     4.0 |   7.424 |         6.192 |    2.006 | 1.963695e-07 |   3.381673e-08 | 22.64057 |    7.168792 |   4.746712 |    7.919028 | -2.153485 |    0.1783322 |  0.496905152676 |   0.514551856952 |
|    130610 |    130610A | GRB130610133 |            3.204 |            3.203 | 14.961 | 14.961 |  28.187 |   28.21 |    46.4 |   21.76 |         1.639 |    2.092 | 3.063095e-07 |   6.017107e-08 | 150.1687 |    55.75545 |  -1.088906 |   0.2963585 | -17.99561 |  679275800.0 |    1.1974864599 |    1.26902709864 |
|    130420 |    130420A | GRB130420313 |            7.475 |            7.506 | 13.075 | 13.074 |  59.421 |   59.42 |   123.5 | 104.962 |         8.809 |    1.297 | 2.968471e-07 |   3.130405e-08 | 58.71772 |    6.265651 | -0.0304168 |   0.5771997 | -21.30344 |  425580200.0 |  0.304132280762 |    0.29463078377 |
|    121211 |    121211A | GRB121211574 |           13.784 |           13.784 | 13.038 | 13.036 |  30.173 |  30.161 |   182.0 |   5.632 |         1.717 |    1.023 | 1.891271e-07 |   6.972677e-08 | 111.2914 |    44.98701 | -0.6449137 |   0.5417175 | -3.002151 |     3.076529 |  0.107131394595 |   0.131983769471 |
|    121128 |    121128A | GRB121128212 |            5.094 |            5.097 | 20.039 |  20.04 |  54.301 |    54.3 |    23.3 |  17.344 |         0.923 |      2.2 | 1.558807e-06 |    6.33829e-08 | 115.3063 |    6.532349 | -0.4591057 |   0.1087446 | -15.64179 |    2159731.0 |   6.05933219429 |    5.47742239528 |
|    120922 |    120922A | GRB120922939 |           22.508 |           22.536 | 15.651 |  15.65 | -20.181 | -20.182 |   173.0 | 182.275 |        19.777 |      3.1 | 1.985811e-07 |    3.59711e-08 | 65.40438 |    24.02708 |  -1.047324 |   0.6229689 |  -2.47594 |    0.6072668 |   2.27340383002 |    2.37444330866 |
|    120907 |    120907A | GRB120907017 |            0.406 |            0.407 |  4.982 |  4.983 |  -9.323 |  -9.315 |    16.9 |    5.76 |         1.778 |     0.97 | 4.084654e-07 |   7.799027e-08 | 133.8963 |    42.99683 | -0.9355976 |   0.3040822 | -8.877418 |     12518.22 |  0.212850914566 |   0.224395599959 |
|    120811 |    120811C | GRB120811649 |           15.581 |           15.582 | 13.313 | 13.314 |  62.297 |  62.291 |    26.8 |  14.336 |         6.557 |    2.671 |  5.21893e-07 |    6.55163e-08 | 32.60298 |    6.479752 |   4.591173 |    4.369969 | -2.232736 |    0.1643001 |   2.66250334078 |    2.63278826975 |
|    120119 |    120119A | GRB120119170 |            4.075 |            4.074 |  8.002 |  8.002 |  -9.076 |  -9.803 |   253.8 |  55.297 |         6.229 |    1.728 | 2.908666e-06 |    8.82327e-08 |   274.49 |    31.76734 | -0.8422723 |  0.06524489 | -2.349339 |    0.2383105 |   5.60262636838 |    5.00671959615 |
|    120118 |    120118B | GRB120118709 |           17.006 |           17.006 |  8.324 |  8.324 |  -7.178 |  -7.182 |   23.26 |  37.825 |        12.586 |    2.943 | 1.828941e-07 |   6.471384e-08 | 67.13271 |    12.69811 | -0.9315465 |   0.3508093 | -5.944047 |     145.9666 |   2.04021453993 |    2.48321823357 |
|    111228 |    111228A | GRB111228657 |           15.745 |           15.759 | 10.004 | 10.004 |  18.284 |  18.299 |   101.2 |  99.842 |         2.111 |    0.714 | 1.369611e-06 |   8.491401e-08 | 94.72234 |    11.90862 |  -1.374451 |  0.08393044 | -2.725856 |    0.5113714 |  0.392595853216 |   0.363269795473 |
|    111107 |    111107A | GRB111107035 |             0.84 |             0.84 |  8.632 |  8.632 |  -66.52 |  -66.52 |    26.6 |  12.032 |         0.923 |    2.893 | 2.528505e-07 |   8.545003e-08 | 128.8109 |    76.39503 | -0.6491599 |   0.7309694 | -2.547354 |     1.633896 |   1.87392445549 |    2.25105247971 |
|    110818 |    110818A | GRB110818860 |            20.63 |           20.632 | 21.158 | 21.156 | -63.981 | -63.981 |   103.0 |  67.073 |         3.916 |     3.36 | 4.520445e-07 |   5.100752e-08 | 54.89148 |    34.48289 |   1.246445 |    2.916469 | -1.634812 |    0.1203184 |   2.50096639248 |     2.4412956473 |
|    110731 |    110731A | GRB110731465 |           11.158 |           11.158 | 18.701 |   18.7 | -28.536 | -28.537 |    38.8 |   7.485 |         0.572 |     2.83 | 2.410084e-06 |   1.176798e-07 | 176.5686 |     15.0399 | -0.9606754 |  0.07199378 | -4.295763 |     5.735778 |   18.9003709612 |    17.2396261512 |
|    110213 |    110213A | GRB110213220 |            5.291 |            5.286 |  2.865 |  2.867 |  49.278 |  49.291 |    48.0 |  34.305 |         1.639 |     1.46 | 1.376025e-06 |   9.771947e-08 | 81.15365 |    9.575954 |  -1.059352 |   0.1321034 | -2.667196 |    0.3660178 |   2.19569850908 |    2.05148350425 |
|    110128 |    110128A | GRB110128073 |            1.742 |            1.743 | 12.925 | 12.927 |  28.108 |    28.1 |    30.7 |   12.16 |         4.971 |    2.339 | 2.746435e-07 |   8.365824e-08 | 323.4807 |    206.8839 | -0.8989181 |   0.3453854 | -13.28002 |    2543975.0 |   1.23404031349 |    1.44124827063 |
|    101219 |    101219B | GRB101219686 |           16.465 |            16.47 |  0.817 |  0.815 | -34.556 | -34.566 |    34.0 |  51.009 |         1.775 |    0.551 |  2.30267e-07 |   6.262781e-08 | 87.21371 |     23.3495 |  0.4960754 |   0.9830689 | -2.638719 |    0.8528025 | 0.0266750452777 |  0.0302837156134 |
|    100906 |    100906A | GRB100906576 |           13.824 |           13.824 |  1.913 |  1.912 |  55.634 |  55.631 |   114.4 | 110.594 |         2.828 |    1.727 | 2.237663e-06 |   1.222077e-07 | 146.3268 |    25.17996 | -0.6028408 |   0.1577489 | -2.140209 |    0.1628662 |   4.08136437161 |    3.74635588724 |
|    100816 |    100816A | GRB100816026 |            0.631 |            0.631 | 23.449 | 23.449 |  26.568 |  26.579 |     2.9 |   2.045 |         0.229 |    0.803 | 2.517018e-06 |   3.848897e-07 | 131.9189 |    23.63843 | -0.1299976 |   0.3271034 | -3.195457 |     1.390314 |  0.749351763981 |   0.761505122223 |
|    100814 |    100814A | GRB100814160 |            3.836 |            3.836 |  1.499 |  1.498 |  -17.99 | -17.996 |   174.5 |  150.53 |         1.619 |     1.44 | 1.001622e-06 |   7.883003e-08 |  128.188 |    28.52776 |  0.9106327 |   0.7165975 | -1.841843 |    0.1375029 |  0.973564546746 |   0.917103559707 |
|    100728 |    100728B | GRB100728439 |           10.532 |           10.532 |  2.937 |  2.937 |   0.296 |    0.28 |    12.1 |   10.24 |         1.846 |      2.8 | 7.418661e-07 |   7.117626e-08 | 63.19291 |    20.82245 | -0.1778322 |    0.618432 | -1.842766 |    0.1186177 |   3.57527494925 |    3.42956723043 |
|    100728 |    100728A | GRB100728095 |            2.307 |            2.292 |  5.917 |  5.917 | -15.259 | -15.256 |   198.5 | 165.378 |         2.896 |    1.567 | 2.977882e-06 |   1.290585e-07 | 445.7095 |      56.038 | -0.4535787 |  0.09414341 | -2.473951 |    0.3791233 |   4.35940158774 |     3.9524190261 |
|    100704 |    100704A | GRB100704149 |            3.586 |            3.585 |  8.909 |  8.909 | -24.202 | -24.216 |   197.5 | 214.404 |         5.917 |      3.6 | 1.234421e-06 |   9.614278e-08 | 241.4656 |    42.80981 | -0.5048383 |   0.1484732 | -2.557929 |    0.7260258 |   14.4702112105 |    13.6191957698 |
|    100615 |    100615A | GRB100615083 |            1.984 |            1.985 | 11.814 | 11.814 | -19.483 | -19.482 |    39.0 |  37.377 |         0.979 |    1.398 | 7.918945e-07 |    5.56133e-08 | 47.74328 |    6.945848 |  0.3107208 |    0.497294 | -2.123057 |     0.100839 |  0.856660439672 |   0.799719681929 |
|     91208 |    091208B | GRB091208410 |            9.832 |            9.833 |  1.961 |  1.959 |  16.881 |   16.89 |    14.9 |   12.48 |         5.018 |    1.063 |  2.69014e-06 |   1.072481e-07 | 145.5129 |    19.59596 | -0.9337836 |  0.08934812 | -2.198303 |     0.146239 |   1.57814963726 |    1.42533842662 |
|     91127 |     091127 | GRB091127976 |           23.429 |           23.429 |  2.439 |  2.439 | -18.948 | -18.952 |     7.1 |   8.701 |         0.571 |     0.49 | 5.560185e-06 |   8.512325e-08 | 55.45233 |    2.278017 | -0.5091187 |  0.08498511 | -2.273314 |    0.0313843 |  0.495541916079 |   0.435389552609 |
|     91020 |     091020 | GRB091020900 |           21.612 |           21.612 | 11.715 | 11.715 |  50.977 |   50.98 |    34.6 |  24.256 |         7.973 |     1.71 | 1.239016e-06 |   7.318899e-08 | 239.8271 |     142.685 | -0.9117794 |   0.2560934 | -1.674574 |   0.09403235 |   1.68900321311 |      1.557892299 |
|     90927 |     090927 | GRB090927422 |           10.121 |           10.121 | 22.929 |  22.93 | -70.973 |  -70.98 |     2.2 |   0.512 |         0.231 |     1.37 | 5.889473e-07 |   2.116526e-07 | 96.28263 |    15.01011 |    1.99968 |    1.559278 | -10.93263 |     2663.177 |  0.662585830596 |   0.810129096868 |
|     90926 |    090926B | GRB090926914 |            21.93 |           21.925 |  3.087 |  3.088 | -38.997 | -39.011 |   109.7 |  55.553 |         7.638 |     1.24 | 3.857081e-07 |   9.369987e-08 | 111.3605 |    14.26168 | -0.1207696 |    0.320688 | -6.251487 |     76.74973 |  0.343759674271 |   0.380278303653 |
|     90618 |     090618 | GRB090618353 |            8.475 |            8.474 | 19.601 | 19.599 |  78.352 |  78.358 |   113.2 | 112.386 |         1.086 |     0.54 | 1.340083e-05 |   2.525354e-07 | 425.8604 |    23.61092 | -0.9579971 |   0.0316006 | -2.873375 |    0.2556554 |    1.5109937196 |    1.33292053556 |
|     90516 |    090516A | GRB090516353 |            8.464 |            8.466 |  9.216 |  9.217 | -11.848 |  -11.85 |   210.0 | 123.074 |         2.896 |    4.109 | 5.275849e-07 |   6.284446e-08 | 69.68456 |    50.16023 | -0.5550286 |   0.9174827 | -1.793386 |    0.1538408 |   5.84287999796 |    5.74016674626 |
|     90424 |     090424 | GRB090424592 |           14.202 |           14.202 | 12.635 | 12.633 |  16.829 |    16.8 |    48.0 |  14.144 |         0.264 |    0.544 | 1.096896e-05 |    1.38453e-07 | 186.9056 |    5.694518 | -0.8428213 |  0.02381139 | -2.938811 |    0.1646469 |   1.28231386229 |    1.12321178581 |
|     90423 |     090423 | GRB090423330 |            7.922 |            7.924 |  9.926 |  9.913 |  18.165 |    18.1 |    10.3 |   7.168 |         2.415 |      8.0 | 1.519011e-07 |   1.009946e-07 | 80.20946 |    20.55983 | -0.6161758 |   0.5439942 | -7.860589 |     1923.028 |   20.9204193731 |    31.9700472216 |
|     90113 |     090113 | GRB090113778 |           18.678 |           18.678 |  2.138 |   2.14 |  33.436 |    33.4 |     9.1 |  17.408 |         3.238 |    1.749 | 4.720358e-07 |   8.275154e-08 | 202.1312 |    44.73004 | -0.6245563 |   0.2199011 | -4.721095 |     28.50507 |   1.01136167116 |    1.05041166098 |
|     90102 |     090102 | GRB090102122 |            2.929 |            2.925 |   8.55 |  8.547 |  33.107 |    33.1 |    27.0 |  26.624 |          0.81 |    1.547 | 2.964657e-06 |   1.164381e-07 | 378.2668 |    22.98033 | -0.2740737 |  0.07281825 | -7.321187 |     157.8212 |   4.53372288995 |    4.09204280827 |
|     81222 |     081222 | GRB081222204 |              4.9 |              4.9 |  1.517 |  1.513 | -34.095 |   -34.1 |    24.0 |   18.88 |         2.318 |      2.7 |  1.66787e-06 |   8.825765e-08 | 167.4924 |    19.22321 | -0.7350503 |  0.09339649 | -2.589271 |    0.3848182 |   10.3689159767 |    9.50020739369 |
|     81221 |     081221 | GRB081221681 |           16.353 |           16.353 |  1.053 |  1.053 | -24.542 |   -24.5 |    34.0 |  29.697 |          0.41 |     2.26 | 2.468543e-06 |   9.024168e-08 | 115.6503 |    4.717067 | -0.3420984 |  0.07409413 | -3.885949 |    0.7961366 |   10.0787497864 |    9.06946575162 |
|     81121 |     081121 | GRB081121858 |           20.592 |           20.591 |  5.952 |  5.953 | -60.612 |   -60.6 |    14.0 |  41.985 |          8.51 |    2.512 | 1.541919e-06 |   9.391022e-08 | 192.4424 |     66.2615 | -0.1947406 |   0.4440776 | -1.762847 |     0.100441 |   5.14852656327 |    4.75831101809 |
|     81008 |     081008 | GRB081008832 |           19.969 |           19.967 | 18.665 | 18.667 | -57.433 |   -57.4 |   185.5 | 150.015 |        12.892 |    1.968 | 3.352711e-07 |   6.391938e-08 | 173.2569 |    48.58861 | -0.6622945 |   0.3007005 | -12.30417 |     434886.5 |  0.980667679967 |    1.03357800963 |
|     80928 |     080928 | GRB080928628 |           15.026 |           15.082 |  6.337 |   6.34 | -55.176 |   -55.2 |   280.0 |  14.336 |         4.007 |    1.692 | 2.095947e-07 |   6.408317e-08 | 83.13947 |    33.11314 |  -1.138584 |   0.4486743 | -2.916776 |     2.519191 |  0.524580981106 |    0.61326222708 |
|     80916 |    080916A | GRB080916406 |            9.756 |            9.755 | 22.419 |  22.42 | -57.026 |   -57.0 |    60.0 |  46.337 |         7.173 |    0.689 | 8.416191e-07 |   9.741486e-08 | 241.1314 |    36.95835 | -0.4276115 |   0.1708976 | -4.830435 |     20.43674 |  0.172053546394 |   0.168449111894 |
|     80905 |    080905A | GRB080905499 |           11.982 |           11.982 | 19.178 |  19.18 | -18.865 |   -18.9 |     1.0 |    0.96 |         0.345 |    0.121 | 2.801938e-06 |   4.499353e-07 | 676.7375 |    274.7557 | -0.1658796 |   0.4490574 | -9.851741 |     13387.93 | 0.0101642765211 |  0.0104070357561 |
|     80810 |     080810 | GRB080810549 |            13.17 |            13.17 | 23.786 | 23.787 |    0.31 |    0.32 |   106.0 | 107.457 |        15.413 |     3.35 | 7.327225e-07 |   8.256937e-08 | 734.9279 |    488.7461 |  -1.179501 |   0.1348743 |  -2.42858 |     1.753877 |   7.21712212273 |    7.04385344078 |
|     80804 |     080804 | GRB080804972 |           23.337 |           23.337 | 21.912 | 21.913 | -53.189 |   -53.2 |    34.0 |  24.704 |          1.46 |    2.204 | 5.580875e-07 |   9.064421e-08 | 162.8082 |    32.11136 | -0.1886347 |   0.2838167 | -2.797097 |     1.141707 |   2.02938119292 |    2.08158274219 |
