| common ID | Swift name |   Fermi name | BAT Trigger-time | GBM Trigger-time | BAT RA | GBM RA | BAT Dec | GBM Dec | BAT T90 | GBM T90 | GBM T90_error |     GBM flux | GBM flux_error |    Epeak | Epeak_error |       alpha | alpha_error |      beta |   beta_error |
|    170127 |    170127B | GRB170127634 |           15.224 |           15.225 |  1.333 |  1.332 |  -30.34 | -30.359 |    0.51 |   1.728 |         1.346 | 3.117144e-06 |    4.60779e-07 | 696.9158 |    274.9997 |  -0.6733344 |   0.2319193 | -1.849771 |    0.5392072 |
|    170126 |    170126A | GRB170126480 |           11.512 |           11.512 | 17.575 | 17.576 | -64.755 | -64.761 |     9.5 |  13.824 |         3.083 | 1.840366e-06 |   9.597996e-08 | 166.1459 |    19.68326 |  -0.4581369 |   0.1125678 | -2.201035 |    0.1909621 |
|    161214 |    161214B | GRB161214722 |           17.336 |           17.336 |  0.257 |  0.203 |   7.342 |   14.12 |    24.8 |   23.04 |         1.379 | 4.285674e-07 |   6.359612e-08 | 61.47888 |    21.89879 |  -0.6636204 |   0.6876402 | -1.858465 |    0.4249465 |
|    161129 |    161129A | GRB161129300 |            7.194 |            7.194 | 21.081 | 21.082 |  32.137 |  32.136 |   35.53 |  36.096 |         0.724 | 8.389596e-07 |   8.916533e-08 | 275.5368 |    58.74482 |  -0.8779568 |   0.1441641 | -13.78125 |    1629616.0 |
|    161117 |    161117A | GRB161117066 |            1.593 |            1.592 |  21.47 |  21.47 | -29.612 |  -29.61 |   125.7 | 122.178 |         0.659 | 7.345907e-07 |    7.91886e-08 | 70.51263 |    7.182095 |  -0.8129429 |   0.1804556 | -3.131097 |     29.20988 |
|    161017 |    161017A | GRB161017745 |           17.864 |           17.869 |  9.518 |  9.518 |  43.125 |  43.142 |   216.3 |  32.256 |         8.083 | 7.984749e-07 |   1.087609e-07 | 416.6937 |    138.0267 |   -1.229788 |   0.1424991 | -5.099497 |     123.8307 |
|    161014 |    161014A | GRB161014522 |           12.523 |           12.521 | 22.175 | 22.177 |   7.467 |   7.469 |    18.3 |  36.609 |         1.493 | 7.285402e-07 |    7.23499e-08 | 202.0655 |    27.06123 |  -0.5176876 |   0.1278938 | -11.96093 |     154897.1 |
|    161004 |    161004B | GRB161004964 |           23.133 |           23.132 |  7.477 |  7.477 | -39.896 | -39.895 |    15.9 |   14.08 |         0.923 | 2.387236e-06 |   9.784324e-08 | 172.7153 |    21.16985 |  -0.4704297 |   0.1250448 | -2.292336 |    0.3035834 |
|    161001 |    161001A | GRB161001045 |            1.088 |            1.088 |  4.795 |  4.795 | -57.261 | -57.261 |     2.6 |    2.24 |         0.232 | 1.559288e-06 |   1.068464e-07 | 441.6991 |    57.08487 |  -0.7256718 |  0.09302208 | -13.31482 |     349696.0 |
|    160917 |    160917A | GRB160917479 |           11.505 |           11.505 |  19.71 | 19.711 |    46.4 |  46.403 |    16.0 |  19.712 |          4.36 | 1.617899e-06 |   1.037387e-07 | 817.4828 |     161.228 |   -0.681903 |  0.09795523 | -2.332379 |    0.7032158 |
|    160905 |    160905A | GRB160905471 |           11.316 |           11.316 | 10.817 | 10.816 | -50.803 | -50.801 |    64.0 |  33.537 |         1.379 | 5.959532e-06 |   1.537266e-07 | 828.4585 |    94.81891 |  -0.7842146 |  0.04720068 | -2.681909 |    0.6932025 |
|    160821 |    160821B | GRB160821937 |           22.487 |           22.487 | 18.667 | 18.666 |  62.387 |  62.393 |    0.48 |   1.088 |         0.977 | 1.045354e-06 |    2.75467e-07 | 125.1894 |    75.88052 |  -0.6625379 |    0.654335 | -2.409778 |     1.110499 |
|    160815 |    160815A | GRB160815490 |           11.753 |           11.753 | 19.241 | 19.249 |  84.298 |  84.282 |     8.6 |   6.848 |         1.493 | 5.492924e-07 |   5.505575e-08 | 82.37572 |    6.981468 |  -0.4624143 |   0.1852038 | -3.221165 |      1.08442 |
|    160804 |    160804A | GRB160804065 |            1.546 |            1.571 | 14.777 | 14.775 |  10.002 |   9.999 |   144.2 | 131.586 |        21.723 | 4.182944e-07 |   6.692841e-08 | 86.65006 |    58.73652 |   -1.018988 |   0.4247167 | -2.028896 |     3.246361 |
|    160726 |    160726A | GRB160726065 |            1.569 |            1.569 |  6.587 |  6.588 |  -6.617 |  -6.644 |     0.7 |   0.768 |         0.091 |  5.87475e-06 |   9.069874e-07 | 865.0218 |    354.0813 |  -0.8979771 |   0.1134487 | -11.92093 |    3751316.0 |
|    160519 |    160519A | GRB160519012 |            0.292 |            0.293 |  4.741 |  4.741 |  31.246 |  31.197 |   35.57 |   98.56 |         1.145 | 3.603794e-07 |   8.644452e-08 |  129.512 |     37.0639 |  -0.9820005 |   0.2477105 | -3.393528 |     4.960047 |
|    160424 |    160424A | GRB160424492 |           11.819 |           11.818 | 21.299 | 21.299 | -60.408 | -60.615 |     6.3 |   6.592 |         0.923 |  1.03784e-06 |   7.621417e-08 | 185.3397 |    30.98996 |  -0.6375547 |   0.1466223 | -2.580058 |    0.5623926 |
|    160411 |    160411A | GRB160411062 |            1.481 |            1.481 | 23.291 |  23.29 | -40.258 | -40.242 |    0.36 |   0.672 |         0.435 | 5.937215e-07 |   1.743469e-07 | 102.7589 |    23.64955 |    1.879885 |    1.969575 | -18.57877 |    4784035.0 |
|    160408 |    160408A | GRB160408268 |            6.429 |            6.429 |  8.171 |  8.175 |  71.128 |  71.128 |    0.32 |   1.056 |         0.604 | 4.072301e-06 |   5.003136e-07 | 593.9627 |    298.3688 |  -0.5286511 |   0.3124863 | -1.990973 |    0.4008376 |
|    160325 |    160325A | GRB160325291 |            7.001 |            6.989 |  1.046 |  1.043 | -72.702 | -72.697 |    64.9 |  42.945 |         0.572 |  1.58524e-06 |   6.291358e-08 | 187.8437 |    41.63589 |  -0.5958116 |   0.1705677 |  -1.84678 |    0.1024344 |
|    160223 |    160223A | GRB160223072 |             1.74 |             1.74 |   9.84 |  9.839 |   9.369 |   9.373 |   127.0 | 117.762 |         3.208 | 8.321321e-07 |    8.74348e-08 | 231.3304 |    33.80393 |  -0.4682001 |   0.1655099 | -4.417537 |     10.64482 |
|    160220 |    160220A | GRB160220059 |            1.424 |            1.424 | 15.796 | 15.797 | -18.539 | -18.565 |     8.3 |   8.768 |         1.231 | 2.578029e-07 |   5.963154e-08 | 238.9807 |    55.00035 |   0.9310824 |   0.9783629 | -19.60776 |   75959650.0 |
|    160104 |    160104A | GRB160104475 |           11.403 |           11.404 |  5.121 |   5.12 |  11.334 |  11.324 |    16.2 |   8.704 |         2.896 | 1.493242e-07 |   6.796836e-08 | 94.52878 |    44.46277 |   -1.108063 |   0.5049747 | -3.710452 |     13.98047 |
|    151229 |    151229A | GRB151229285 |            6.841 |            6.841 | 21.958 | 21.958 | -20.732 | -20.732 |    1.78 |   3.456 |         1.032 | 7.680819e-07 |   4.333282e-08 | 101.8448 |    10.33207 |   -1.138658 |   0.1052148 | -10.39922 |     37238.27 |
|    151228 |    151228B | GRB151228949 |           22.787 |           22.787 | 22.962 | 22.962 |   8.081 |   8.082 |    48.0 |  28.672 |         1.557 | 1.784359e-07 |    2.81886e-08 | 80.57541 |    11.23311 |   0.7437437 |    1.035486 |    -8.623 |          0.0 |
|    151228 |    151228A | GRB151228129 |            3.087 |            3.087 | 14.268 | 14.267 | -17.665 | -17.689 |    0.27 |   0.256 |         2.268 | 5.426348e-06 |   7.555202e-07 | 963.9893 |    351.4275 |  -0.4016475 |   0.3039737 | -8.833008 |     1454.866 |
|    151205 |    151205A | GRB151205657 |           15.767 |           15.767 | 15.286 | 15.285 |  35.767 |  35.769 |    62.8 |   56.32 |         13.59 | 2.695555e-07 |   6.223036e-08 | 230.5877 |    150.8432 |   0.7987098 |    1.852656 | -2.087563 |    0.8926182 |
|    151111 |    151111A | GRB151111356 |            8.556 |            8.556 |   3.79 |   3.79 | -44.154 | -44.161 |   76.93 |  46.336 |         4.382 | 1.368539e-07 |   5.791084e-08 | 108.4304 |     44.1952 |   0.3111471 |    1.152251 | -2.770742 |     1.780137 |
|    151027 |    151027A | GRB151027166 |            3.973 |            3.973 | 18.167 | 18.166 |  61.361 |  61.353 |  129.69 | 123.394 |         1.145 | 1.700146e-06 |   7.621476e-08 | 224.0196 |    46.11414 |  -0.8552502 |   0.1129483 | -2.048382 |    0.1706586 |
|    151006 |    151006A | GRB151006413 |            9.917 |            9.916 |  9.828 |  9.828 |  70.508 |  70.504 |   203.9 |   93.44 |         6.149 | 9.039081e-07 |   5.167331e-08 |  201.169 |     121.881 |  -0.9392719 |   0.2501605 | -1.649358 |   0.09568885 |
|    151001 |    151001A | GRB151001628 |           15.073 |           15.073 | 15.581 | 15.582 |  10.984 |  10.967 |    8.94 |  23.552 |         5.938 |  2.02087e-07 |   5.659053e-08 | 153.3153 |    67.98231 |  -0.7915928 |   0.4551944 | -9.622573 |     45392.11 |
|    150831 |    150831B | GRB150831930 |           22.324 |           22.324 | 18.069 | 18.068 | -27.243 | -27.252 |     6.2 |   13.76 |         2.064 | 7.510514e-07 |    5.93737e-08 | 73.33627 |    6.618966 |   0.2118799 |   0.3352935 | -2.978171 |    0.3793959 |
|    150817 |    150817A | GRB150817087 |            2.087 |            2.086 | 16.642 | 16.643 |  -12.05 | -12.066 |    38.8 |  35.584 |         1.145 | 3.068376e-06 |   1.368165e-07 | 235.9071 |    21.69657 |  -0.3805817 |  0.09495487 | -2.721359 |    0.4065729 |
|    150727 |    150727A | GRB150727793 |           19.034 |           19.032 | 13.598 | 13.599 |  -18.32 |  -18.36 |    88.0 |  49.409 |         3.974 | 3.708029e-07 |   5.216092e-08 | 85.85712 |    53.78795 |    1.732012 |    3.598159 | -1.699293 |    0.1911544 |
|    150711 |    150711A | GRB150711766 |           18.384 |           18.383 | 14.775 | 14.775 | -35.464 | -35.456 |    64.2 |  82.177 |         6.192 |  5.86347e-07 |   5.101459e-08 | 65.87003 |    17.55957 |  0.08170646 |   0.6638416 | -1.961953 |    0.1286578 |
|    150607 |    150607A | GRB150607330 |            7.919 |            7.919 |  9.334 |  9.333 |  68.436 |  68.437 |    26.3 |  26.173 |          0.68 | 6.401933e-07 |   1.079821e-07 | 122.8415 |    44.53263 |   -0.966243 |   0.3294013 | -2.537207 |     0.903137 |
|    150530 |    150530A | GRB150530488 |           11.705 |           11.704 | 21.834 | 21.834 |  57.519 |  57.516 |    6.62 |   7.168 |         0.572 | 7.708282e-07 |   7.604616e-08 | 168.6363 |    21.08238 |  -0.6749571 |   0.1372905 | -7.068844 |     373.5527 |
|    150527 |    150527A | GRB150527283 |            6.815 |            6.786 | 19.264 | 19.264 |   4.195 |   4.201 |   112.0 |  20.736 |         5.146 | 6.150912e-07 |   1.119474e-07 |  465.375 |    166.9224 |  -0.4138187 |   0.3120549 | -6.948812 |     739.5955 |
|    150513 |    150513A | GRB150513856 |           20.522 |           20.554 |   3.27 |  3.271 | -22.868 |  -22.91 |   162.0 | 158.978 |         2.862 | 5.654681e-07 |   6.229316e-08 | 73.52573 |    26.87482 | -0.06505764 |   0.8140514 | -1.993231 |    0.1853797 |
|    150430 |    150430A | GRB150430015 |            0.358 |            0.352 | 21.765 | 21.765 | -27.919 | -27.902 |   107.1 | 111.618 |          2.36 | 2.008915e-06 |   1.181153e-07 | 235.1886 |    53.60435 |  -0.4989807 |   0.1840277 | -2.056225 |    0.1885924 |
|    150403 |    150403A | GRB150403913 |           21.904 |           21.903 | 20.767 | 20.767 | -62.706 | -62.712 |    40.9 |  22.272 |          0.81 | 8.930864e-06 |   1.770645e-07 | 509.2573 |     33.6835 |  -0.6716096 |  0.03419109 | -2.185594 |   0.07740498 |
|    150323 |    150323C | GRB150323712 |           17.089 |           17.086 | 12.842 | 12.841 |  50.165 |  50.198 |   159.4 |  43.264 |         2.429 | 1.250033e-07 |   3.080489e-08 | 103.9627 |    43.02244 |   -0.966651 |   0.4951303 | -17.82894 |  665402600.0 |
|    150314 |    150314A | GRB150314205 |            4.921 |            4.914 |  8.444 |  8.445 |  63.839 |  63.834 |   14.79 |  10.688 |         0.143 | 1.594302e-05 |   1.957966e-07 | 298.0226 |    9.404712 |  -0.4062712 |  0.02975524 |  -2.54075 |   0.08322588 |
|    150309 |    150309A | GRB150309958 |           23.052 |           22.997 | 18.467 | 18.473 |  86.417 |  86.429 |   242.0 |  52.481 |         1.086 | 2.644921e-06 |   9.955728e-08 | 189.7115 |    16.79407 |  -0.4075789 |  0.08638925 | -2.291929 |    0.1643403 |
|    150301 |    150301B | GRB150301818 |           19.634 |           19.635 |  5.944 |  5.944 | -57.969 | -57.977 |   12.44 |  13.312 |         1.557 | 5.098332e-07 |   6.204709e-08 | 173.9901 |    37.03205 |  -0.9519986 |   0.1700398 | -8.472443 |     5166.644 |
|    150204 |    150204A | GRB150204272 |            6.519 |            6.519 | 10.683 | 10.683 | -64.043 | -64.043 |    12.0 |  11.008 |         1.056 | 2.529986e-07 |   5.769532e-08 | 91.47787 |    31.97555 |  -0.8739799 |   0.4243787 | -2.648369 |     1.082613 |
|    150203 |    150203A | GRB150203173 |            4.152 |            4.153 |   6.56 |   6.56 |   6.952 |   6.953 |    25.8 |    25.6 |         3.238 | 8.053539e-08 |   6.439845e-08 |  46.9951 |    17.72293 |  -0.9597585 |   0.9401607 | -8.071899 |      3522.05 |
|    150110 |    150110B | GRB150110923 |           22.142 |           22.142 | 19.292 | 19.291 |  32.529 |  32.522 |    10.6 |    2.56 |         0.832 | 2.229647e-07 |   5.927318e-08 | 113.4483 |    44.71243 |   -0.695367 |   0.5019653 | -2.662168 |      1.40649 |
|    141225 |    141225A | GRB141225959 |           23.019 |           23.021 |   9.25 |   9.25 |  33.774 |  33.795 |   40.24 |   56.32 |         4.891 | 5.388171e-07 |    6.85633e-08 | 144.9585 |    46.55534 |    1.020943 |    1.115846 | -1.949072 |    0.2712374 |
|    141221 |    141221A | GRB141221338 |            8.119 |             8.12 | 13.219 | 13.219 |   8.197 |   8.205 |    36.9 |  23.808 |         1.717 | 7.904256e-07 |    1.15847e-07 | 321.4502 |    113.6674 |   -1.075274 |   0.1512575 | -6.315468 |     663.1096 |
|    141220 |    141220A | GRB141220252 |            6.048 |            6.048 | 13.004 | 13.004 |  32.146 |  32.134 |    7.21 |   7.616 |         0.923 | 2.117483e-06 |   8.305089e-08 | 214.7644 |    13.25492 |  -0.5247201 |   0.0726953 | -6.884309 |     114.6007 |
|    141031 |    141031A | GRB141031304 |            7.307 |            7.306 |  8.575 |  8.574 |  -59.16 | -59.168 |   920.0 |  19.456 |         2.896 | 5.542959e-07 |   7.068125e-08 | 311.6536 |    245.1205 |  -0.9523979 |    0.273211 | -1.852936 |    0.4139838 |
|    141022 |    141022A | GRB141022061 |            1.462 |            1.463 | 16.129 | 16.127 | -72.152 | -72.129 |    8.72 |   11.52 |         3.083 | 1.624549e-07 |   5.803527e-08 | 165.7113 |     88.3213 |  -0.6420089 |   0.6769508 | -10.90577 |     180629.4 |
|    141005 |    141005A | GRB141005217 |            5.218 |            5.219 | 19.407 | 19.406 |  36.098 |  36.095 |    4.34 |   3.392 |         0.264 | 1.025034e-06 |   1.030496e-07 | 173.2405 |    13.19222 |  0.05071613 |   0.1852086 | -6.414002 |     37.77224 |
|    141004 |    141004A | GRB141004973 |           23.348 |           23.348 |  5.115 |  5.117 |  12.828 |  12.824 |    3.92 |    2.56 |         0.607 | 9.200621e-07 |   6.785987e-08 | 31.42726 |    10.46519 |    0.430436 |    1.472029 | -1.876706 |   0.07295307 |
|    140919 |    140919A | GRB140919636 |           15.254 |           15.254 | 14.769 | 14.769 | -32.153 | -33.176 |   151.3 | 108.546 |         1.619 | 7.759738e-07 |   1.014501e-07 | 417.7998 |    104.0892 |   -0.550182 |   0.1982727 | -5.295549 |     83.09267 |
|    140907 |    140907A | GRB140907672 |           16.119 |            16.12 |  3.209 |   3.21 |  46.596 |  46.595 |    79.2 |  35.841 |         5.473 | 3.966677e-07 |   5.942691e-08 | 100.9105 |    20.21665 |  -0.5107521 |   0.3207389 | -2.697765 |    0.7343317 |
|    140828 |    140828A | GRB140828288 |            6.904 |            6.903 |  9.469 |  9.467 |  14.569 |   14.59 |    18.8 |  23.552 |         7.799 | 3.641089e-07 |   7.668147e-08 | 218.8125 |    112.3278 |   -1.241574 |   0.2146828 | -16.21247 |  105563200.0 |
|    140818 |    140818B | GRB140818781 |           18.738 |           18.738 | 18.078 | 18.077 |  -1.354 |  -1.361 |    18.1 |  20.992 |         6.527 | 1.719543e-07 |   5.259485e-08 |  172.221 |    84.36702 |  -0.7669584 |   0.5202358 |  -9.01909 |     22924.23 |
|    140817 |    140817A | GRB140817293 |            7.034 |            7.033 |  8.483 |  8.484 |  58.191 |   58.19 |   244.0 |  16.128 |         4.382 | 1.155916e-06 |   9.405661e-08 | 132.4248 |    21.01105 |  -0.4643282 |   0.2413699 |  -2.67226 |    0.4523814 |
|    140716 |    140716A | GRB140716436 |           10.466 |           10.466 |  7.209 |  7.212 |  -60.15 | -60.176 |   104.0 | 168.253 |        53.762 | 1.338333e-06 |   1.206982e-07 | 112.1985 |    35.56934 |  -0.8443788 |   0.3243378 | -2.224287 |    0.2607438 |
|    140713 |    140713A | GRB140713780 |           18.729 |           18.729 | 18.743 | 18.741 |  59.623 |  59.625 |     5.3 |   5.376 |         1.379 | 3.683916e-07 |   5.236676e-08 | 35.36683 |    14.98941 |   0.9430169 |    2.093757 | -1.819685 |    0.1329106 |
|    140709 |    140709B | GRB140709637 |           15.262 |           15.298 |  9.736 |  9.738 |  63.536 |  63.505 |   155.0 | 156.416 |          7.94 | 3.237266e-07 |   7.338538e-08 | 278.0638 |    146.9265 |  -0.9210922 |   0.2796498 | -3.799685 |     26.50765 |
|    140709 |    140709A | GRB140709051 |            1.228 |            1.228 | 20.311 | 20.309 |  51.222 |  51.223 |    98.6 |  69.633 |        21.549 | 6.030683e-07 |   5.491198e-08 | 52.11688 |    28.90453 |  -0.2108194 |    1.179068 | -1.814825 |    0.1120467 |
|    140706 |    140706A | GRB140706815 |           19.559 |           19.559 |  3.285 |  3.286 | -38.058 | -38.051 |    48.3 |  43.776 |         2.721 | 1.984334e-07 |   5.731035e-08 | 69.68122 |    39.35487 |   -1.178498 |   0.5847912 | -2.453383 |     1.015348 |
|    140703 |    140703A | GRB140703026 |            0.621 |            0.619 |  0.867 |  0.866 |  45.102 |  45.102 |    67.1 |  83.969 |         2.996 | 6.745515e-07 |   6.239824e-08 |  231.937 |    68.78095 |  -0.6993421 |    0.205836 | -2.343059 |    0.6634687 |
|    140521 |    140521A | GRB140521732 |           17.572 |           17.572 | 21.345 | 21.334 |  67.587 |    67.6 |    9.88 |   11.55 |         3.595 | 8.680287e-07 |   8.478821e-08 |  279.442 |     34.7258 |  -0.1227935 |   0.1893191 | -11.00556 |      24006.1 |
|    140512 |    140512A | GRB140512814 |            19.53 |           19.528 | 19.291 | 19.291 | -15.087 |   -15.1 |   154.8 |  147.97 |          2.36 | 2.412542e-06 |   1.095499e-07 | 574.5997 |    95.10731 |   -1.000091 |  0.05600901 | -4.373419 |     15.75352 |
|    140506 |    140506A | GRB140506880 |           21.127 |           21.127 | 18.454 | 18.452 | -55.556 | -55.635 |   111.1 |  64.128 |         2.005 | 2.063603e-06 |   1.239047e-07 | 137.9078 |    21.04441 |  -0.4840102 |    0.212411 | -2.426817 |    0.2519705 |
|    140502 |    140502A | GRB140502354 |            8.506 |            8.506 | 21.278 | 21.279 |  48.975 |   48.97 |    16.9 |  20.096 |         0.916 | 2.206688e-07 |   7.550232e-08 | 259.9511 |     216.991 |   -1.165115 |   0.3471958 | -11.15234 |     627880.0 |
|    140423 |    140423A | GRB140423356 |            8.531 |            8.544 | 13.152 | 13.153 |  49.838 |  49.842 |   134.0 |  95.233 |        11.585 | 4.531803e-07 |   7.436924e-08 | 176.3977 |    85.90405 |  -0.4857503 |    0.457935 | -2.060719 |     0.511084 |
|    140323 |    140323A | GRB140323433 |           10.386 |           10.381 | 23.798 | 23.797 | -79.916 | -79.905 |   104.9 | 111.426 |         3.027 | 2.014159e-06 |   8.799372e-08 | 293.1854 |    40.86175 |  -0.6311821 |  0.09391205 | -2.421018 |    0.3400456 |
|    140304 |    140304A | GRB140304557 |           13.375 |           13.375 |  2.044 |  2.043 |   33.48 |  33.474 |    15.6 |  31.232 |         8.719 | 3.665835e-07 |   6.775194e-08 | 165.1635 |    91.63031 |  -0.5597252 |   0.5317759 | -2.065304 |    0.5721725 |
|    140302 |    140302A | GRB140302342 |            8.216 |            8.216 | 16.924 | 16.924 | -12.875 | -12.878 |    87.5 |  67.584 |         5.655 | 6.767058e-07 |   1.010285e-07 | 318.9717 |    74.08353 |  -0.4589068 |   0.2442967 | -8.519495 |     4264.055 |
|    140213 |    140213A | GRB140213807 |            19.36 |           19.359 |  7.011 |  7.015 | -73.136 | -73.136 |    60.0 |  18.624 |         0.716 | 2.924191e-06 |    7.94907e-08 | 84.22611 |    3.368298 |  -0.8443649 |  0.05713401 | -2.891428 |    0.1713115 |
|    140209 |    140209A | GRB140209313 |            7.516 |            7.516 |  5.422 |  5.422 |  32.488 |  32.488 |    21.3 |   1.408 |         0.264 | 2.275049e-05 |   7.791028e-07 | 164.3572 |     14.2806 | -0.05764766 |   0.1289152 | -2.346873 |    0.1262428 |
|    140206 |    140206A | GRB140206304 |            7.289 |            7.304 |  9.688 |  9.689 |  66.762 |  66.761 |    93.6 |  27.264 |         1.243 | 2.626915e-06 |   9.661077e-08 | 112.1012 |    7.155801 |   0.6408532 |   0.2069289 |  -2.50134 |     0.120435 |
|    140108 |    140108A | GRB140108721 |           17.312 |           17.312 | 21.675 | 21.674 |  58.749 |  58.745 |    94.0 |  91.393 |          2.36 | 2.079857e-06 |   1.226916e-07 | 591.1335 |    144.7003 |   -1.064508 |  0.07989503 | -5.661914 |     102.7555 |
|    140102 |    140102A | GRB140102887 |           21.294 |           21.294 | 14.128 | 14.128 |   1.332 |   1.333 |    65.0 |   3.648 |         0.091 | 8.834506e-06 |   1.213616e-07 |  218.996 |    7.855827 |  -0.5107064 |  0.03425032 | -2.571846 |    0.1021446 |
|    131229 |    131229A | GRB131229277 |            6.657 |            6.657 |  5.682 |  5.682 |  -4.401 |  -4.396 |   13.86 |  12.992 |         0.231 | 7.493954e-06 |   1.461382e-07 | 396.1515 |    15.68882 | -0.05823789 |  0.05095374 |  -3.20905 |    0.3812058 |
|    131202 |    131202A | GRB131202633 |           15.202 |           15.203 | 22.934 | 22.937 |  -21.65 | -21.663 |    30.4 |  19.968 |         7.748 | 1.487975e-07 |   7.990451e-08 | 177.0398 |    104.2647 |  -0.6836072 |   0.6139118 | -6.174367 |     658.1033 |
|    131128 |    131128A | GRB131128629 |           15.107 |           15.107 | 23.687 | 23.687 |  31.293 |  31.306 |     3.0 |   1.984 |         0.543 | 4.657551e-07 |   1.159773e-06 | 86.62548 |    28.22983 |  -0.0229196 |   0.9697373 | -14.95361 |    3090877.0 |
|    131105 |    131105A | GRB131105087 |            2.079 |            2.082 |  4.732 |  4.734 | -63.005 | -62.981 |   112.3 | 112.642 |         0.462 | 1.613066e-06 |   8.845868e-08 | 453.4917 |    75.79134 |   -1.031655 |  0.06232928 | -16.37695 |   14813320.0 |
|    131004 |    131004A | GRB131004904 |           21.684 |           21.684 | 19.741 | 19.741 |  -2.952 |   -2.96 |    1.54 |   1.152 |          0.59 | 8.913636e-07 |   2.606967e-07 | 143.9829 |    89.52818 |   -1.253728 |   0.4618787 | -19.41504 | 3146108000.0 |
|    130912 |    130912A | GRB130912358 |            8.582 |            8.583 |  3.174 |  3.173 |  13.999 |  13.996 |    0.28 |   0.512 |         0.143 | 4.918628e-06 |   4.472189e-07 | 921.1737 |    399.8341 |  -0.9723992 |   0.1351082 |  -4.86418 |     32.70964 |
|    130803 |    130803A | GRB130803419 |           10.048 |           10.048 | 14.684 | 14.684 |  -2.499 |  -2.493 |    44.0 |   7.616 |         1.145 | 9.169332e-07 |   1.167075e-07 |  211.887 |    33.05087 |  -0.5559139 |   0.1588741 | -5.137987 |     36.85608 |
|    130727 |    130727A | GRB130727698 |           16.755 |           16.756 | 22.053 | 22.053 |  -65.54 | -65.538 |   13.57 |  12.992 |         0.871 | 1.242276e-06 |   1.002283e-07 |  170.969 |    25.40033 |  -0.9937836 |   0.1343876 |  -3.36309 |     2.164005 |
|    130627 |    130627A | GRB130627372 |            8.918 |            8.918 | 12.294 | 12.296 | -37.114 | -37.086 |    30.8 |   35.84 |         1.717 | 2.687932e-07 |   7.594632e-08 | 124.6683 |    49.86821 |  -0.7307329 |   0.4504432 |   -2.8902 |     2.303583 |
|    130623 |    130623A | GRB130623488 |           11.712 |           11.713 |  1.382 |  1.382 | -77.784 | -77.784 |    15.0 |  22.272 |         0.923 |  2.46841e-07 |   4.040709e-08 | 41.26843 |    9.191044 |  -0.9923733 |   0.5156655 | -2.743882 |    0.6221149 |
|    130612 |    130612A | GRB130612141 |            3.373 |            3.373 | 17.318 |  17.32 |  16.729 |  16.706 |     4.0 |   7.424 |         6.192 | 1.963695e-07 |   3.381673e-08 | 22.64057 |    7.168792 |    4.746712 |    7.919028 | -2.153485 |    0.1783322 |
|    130610 |    130610A | GRB130610133 |            3.204 |            3.203 | 14.961 | 14.961 |  28.187 |   28.21 |    46.4 |   21.76 |         1.639 | 3.063095e-07 |   6.017107e-08 | 150.1687 |    55.75545 |   -1.088906 |   0.2963585 | -17.99561 |  679275800.0 |
|    130609 |    130609B | GRB130609902 |           21.644 |           21.643 |  3.585 |  3.585 | -40.168 | -40.176 |   210.6 | 191.491 |         2.862 | 3.324613e-06 |   1.269101e-07 | 311.3989 |    38.98755 |  -0.3896757 |   0.1081598 | -2.199119 |    0.1969276 |
|    130609 |    130609A | GRB130609129 |            3.086 |            3.086 | 10.179 | 10.178 |  24.124 |  24.101 |     7.0 |   5.376 |         1.498 | 2.578284e-07 |   3.887178e-08 | 31.37396 |    16.26216 |  0.09030609 |    2.055595 | -2.015369 |    0.1699209 |
|    130528 |    130528A | GRB130528695 |            16.69 |            16.69 |  9.294 |  9.249 |    87.3 |   87.27 |    59.4 |  55.553 |         1.864 | 1.147296e-06 |   8.703501e-08 | 211.4777 |    21.50493 |   0.2276479 |   0.1898112 | -2.893943 |    0.6387926 |
|    130515 |    130515A | GRB130515056 |            1.355 |            1.355 | 18.896 | 18.895 | -54.283 | -54.281 |    0.29 |   0.256 |         0.091 | 8.041626e-06 |   7.044444e-07 | 516.3757 |    83.93607 |  -0.1354376 |   0.2388877 | -7.440945 |     258.9554 |
|    130502 |    130502A | GRB130502743 |           17.842 |           17.842 |  9.239 |  9.238 |  -0.134 |  -0.123 |     3.0 |   3.328 |         2.064 |  1.66459e-07 |   4.130122e-08 | 83.53255 |    36.78531 |   -1.179902 |   0.4812161 | -13.92188 |   14361140.0 |
|    130420 |    130420B | GRB130420539 |           12.942 |           12.942 | 12.206 | 12.209 |  54.376 |  54.391 |    10.2 |  13.824 |         5.278 | 1.817596e-07 |   4.267284e-08 |   55.237 |    12.76663 |    1.191775 |    1.366754 |  -2.64684 |    0.5787035 |
|    130420 |    130420A | GRB130420313 |            7.475 |            7.506 | 13.075 | 13.074 |  59.421 |   59.42 |   123.5 | 104.962 |         8.809 | 2.968471e-07 |   3.130405e-08 | 58.71772 |    6.265651 |  -0.0304168 |   0.5771997 | -21.30344 |  425580200.0 |
|    130216 |    130216A | GRB130216927 |           22.257 |           22.256 |  4.527 |  4.527 |   14.67 |   14.67 |     6.5 |   6.592 |         0.345 | 1.572151e-06 |   7.915772e-08 | 138.5024 |    19.27048 |  0.06320141 |   0.2430824 | -2.044586 |    0.1349174 |
|    130216 |    130216B | GRB130216790 |            18.97 |            18.97 |  3.924 |  3.925 |   2.036 |    2.04 |     3.7 |  12.992 |          1.28 | 1.724022e-06 |   8.059386e-08 | 54.53981 |    20.82623 |  -0.8671144 |   0.4057204 | -1.821026 |   0.05557547 |
|    121211 |    121211A | GRB121211574 |           13.784 |           13.784 | 13.038 | 13.036 |  30.173 |  30.161 |   182.0 |   5.632 |         1.717 | 1.891271e-07 |   6.972677e-08 | 111.2914 |    44.98701 |  -0.6449137 |   0.5417175 | -3.002151 |     3.076529 |
|    121128 |    121128A | GRB121128212 |            5.094 |            5.097 | 20.039 |  20.04 |  54.301 |    54.3 |    23.3 |  17.344 |         0.923 | 1.558807e-06 |    6.33829e-08 | 115.3063 |    6.532349 |  -0.4591057 |   0.1087446 | -15.64179 |    2159731.0 |
|    121125 |    121125A | GRB121125356 |            8.541 |            8.542 | 15.235 | 15.235 |  55.318 |  55.322 |    52.2 |  49.857 |         2.099 | 6.611513e-07 |   7.395617e-08 | 171.7838 |    48.45022 |   -0.646021 |   0.2812452 | -2.416946 |     0.634873 |
|    121123 |    121123A | GRB121123421 |           10.045 |             10.1 | 20.489 | 20.488 | -11.873 | -11.859 |   317.0 | 102.338 |        31.849 | 4.718286e-07 |   7.557376e-08 |  163.853 |    26.17831 |  -0.3837533 |   0.2615603 | -8.769751 |     2722.153 |
|    121031 |    121031A | GRB121031949 |           22.842 |           22.788 | 11.385 | 11.385 |  -3.513 |  -3.511 |   226.0 | 242.436 |         4.404 | 7.367561e-07 |   9.784237e-08 | 299.7718 |    98.33915 |  -0.6931477 |   0.2064775 | -2.738334 |     1.965278 |
|    120922 |    120922A | GRB120922939 |           22.508 |           22.536 | 15.651 |  15.65 | -20.181 | -20.182 |   173.0 | 182.275 |        19.777 | 1.985811e-07 |    3.59711e-08 | 65.40438 |    24.02708 |   -1.047324 |   0.6229689 |  -2.47594 |    0.6072668 |
|    120913 |    120913B | GRB120913997 |           23.933 |           23.933 | 14.244 | 14.243 | -14.508 | -14.535 |   126.0 |  130.05 |         3.566 | 8.695222e-07 |   6.120852e-08 | 241.1697 |    95.86045 |  -0.7804667 |   0.2328068 | -1.897487 |    0.1791512 |
|    120913 |    120913A | GRB120913846 |           20.306 |           20.306 |   9.76 |  9.762 |  26.959 |  26.977 |    30.1 |  33.792 |         1.379 | 2.514844e-07 |   4.712709e-08 | 20.79626 |    10.74825 |   0.4559587 |     4.87062 | -2.243265 |    0.2163872 |
|    120911 |    120911A | GRB120911298 |            7.142 |            7.143 | 23.864 | 23.865 |   63.09 |  63.098 |    17.8 |  22.016 |         1.833 | 2.592272e-07 |   5.114037e-08 | 67.74883 |    13.69843 |  -0.7870346 |   0.3889586 | -3.177134 |     1.661342 |
|    120907 |    120907A | GRB120907017 |            0.406 |            0.407 |  4.982 |  4.983 |  -9.323 |  -9.315 |    16.9 |    5.76 |         1.778 | 4.084654e-07 |   7.799027e-08 | 133.8963 |    42.99683 |  -0.9355976 |   0.3040822 | -8.877418 |     12518.22 |
|    120811 |    120811C | GRB120811649 |           15.581 |           15.582 | 13.313 | 13.314 |  62.297 |  62.291 |    26.8 |  14.336 |         6.557 |  5.21893e-07 |    6.55163e-08 | 32.60298 |    6.479752 |    4.591173 |    4.369969 | -2.232736 |    0.1643001 |
|    120728 |    120728A | GRB120728934 |            22.42 |            22.42 |  9.139 |   9.14 | -54.437 | -54.438 |   22.06 |  32.768 |         2.429 | 5.047645e-07 |   1.116208e-07 | 398.5145 |    218.1849 |  -0.9161421 |   0.2941894 | -5.304485 |     261.1297 |
|    120703 |    120703A | GRB120703726 |           17.423 |           17.421 | 22.624 | 22.624 | -29.726 | -29.724 |    25.2 |    8.96 |         1.379 | 4.099826e-06 |   1.432517e-07 | 407.0606 |    30.21108 |   -0.648455 |  0.05681458 | -3.670717 |     1.896861 |
|    120403 |    120403B | GRB120403857 |           20.566 |           20.566 |   3.62 |  3.689 | -89.029 | -89.009 |     7.3 |   4.288 |         1.935 | 3.004767e-07 |   8.961894e-08 | 209.1163 |    99.83375 |  -0.5463803 |   0.4360143 | -2.924552 |     3.609596 |
|    120312 |    120312A | GRB120312671 |           16.108 |           16.108 | 16.787 | 16.787 |  23.881 |  23.881 |    14.2 |  13.312 |         3.167 | 1.694133e-07 |   6.550796e-08 | 95.04259 |    44.07884 |  -0.1870425 |    1.035677 | -2.581779 |     1.405247 |
|    120212 |    120212A | GRB120212383 |            9.189 |             9.19 |  2.872 |  2.874 | -18.043 | -18.025 |    5.52 |   9.216 |         0.724 | 1.958544e-07 |   4.228255e-08 | 34.28588 |    12.06764 |  -0.5855153 |    1.097225 | -2.471734 |    0.4465115 |
|    120119 |    120119A | GRB120119170 |            4.075 |            4.074 |  8.002 |  8.002 |  -9.076 |  -9.803 |   253.8 |  55.297 |         6.229 | 2.908666e-06 |    8.82327e-08 |   274.49 |    31.76734 |  -0.8422723 |  0.06524489 | -2.349339 |    0.2383105 |
|    120118 |    120118B | GRB120118709 |           17.006 |           17.006 |  8.324 |  8.324 |  -7.178 |  -7.182 |   23.26 |  37.825 |        12.586 | 1.828941e-07 |   6.471384e-08 | 67.13271 |    12.69811 |  -0.9315465 |   0.3508093 | -5.944047 |     145.9666 |
|    120102 |    120102A | GRB120102095 |            2.265 |            2.273 | 18.415 | 18.415 |  24.713 |  24.714 |    38.7 |  28.416 |         8.204 |  2.66562e-06 |   8.557941e-08 | 274.1847 |    49.87958 |  -0.9573993 |   0.0765114 | -1.942021 |    0.1025903 |
|    111228 |    111228A | GRB111228657 |           15.745 |           15.759 | 10.004 | 10.004 |  18.284 |  18.299 |   101.2 |  99.842 |         2.111 | 1.369611e-06 |   8.491401e-08 | 94.72234 |    11.90862 |   -1.374451 |  0.08393044 | -2.725856 |    0.5113714 |
|    111107 |    111107A | GRB111107035 |             0.84 |             0.84 |  8.632 |  8.632 |  -66.52 |  -66.52 |    26.6 |  12.032 |         0.923 | 2.528505e-07 |   8.545003e-08 | 128.8109 |    76.39503 |  -0.6491599 |   0.7309694 | -2.547354 |     1.633896 |
|    111103 |    111103A | GRB111103441 |           10.587 |           10.587 | 21.807 | 21.808 | -10.532 | -10.547 |    11.6 |  11.968 |         6.426 | 8.910334e-07 |   1.562956e-07 | 194.1688 |    34.97236 |   -0.426919 |   0.2072265 | -3.795192 |     6.201913 |
|    110921 |    110921A | GRB110921577 |           13.856 |           13.856 | 19.606 | 19.605 |  36.355 |  36.377 |    48.0 |  40.705 |          1.81 | 3.658555e-07 |   6.585608e-08 | 155.1414 |    94.17326 |  -0.8937544 |   0.3877138 | -1.994335 |    0.4711077 |
|    110818 |    110818A | GRB110818860 |            20.63 |           20.632 | 21.158 | 21.156 | -63.981 | -63.981 |   103.0 |  67.073 |         3.916 | 4.520445e-07 |   5.100752e-08 | 54.89148 |    34.48289 |    1.246445 |    2.916469 | -1.634812 |    0.1203184 |
|    110731 |    110731A | GRB110731465 |           11.158 |           11.158 | 18.701 |   18.7 | -28.536 | -28.537 |    38.8 |   7.485 |         0.572 | 2.410084e-06 |   1.176798e-07 | 176.5686 |     15.0399 |  -0.9606754 |  0.07199378 | -4.295763 |     5.735778 |
|    110709 |    110709A | GRB110709642 |           15.408 |           15.408 | 15.926 | 15.927 |  40.918 |    40.9 |    44.7 |  43.201 |         0.405 | 3.406183e-06 |   1.254484e-07 | 552.7612 |    60.47596 |  -0.4511983 |  0.08978762 | -2.398474 |    0.2380272 |
|    110625 |    110625A | GRB110625881 |           21.141 |           21.138 | 19.117 | 19.115 |   6.755 |   6.755 |    44.5 |  26.881 |         0.572 | 1.212203e-05 |   1.344016e-07 | 193.3075 |    7.158623 |  -0.5400785 |  0.03433707 |  -2.29506 |   0.05053835 |
|    110610 |    110610A | GRB110610640 |           15.359 |           15.359 | 20.547 | 20.545 |  74.827 |  74.825 |    46.4 |  43.521 |         2.862 | 1.035398e-06 |   8.005311e-08 | 168.2329 |    56.64811 |  -0.8129771 |   0.2168912 | -1.903352 |    0.1773213 |
|    110420 |    110420B | GRB110420946 |           22.703 |           22.703 | 21.336 | 21.336 | -41.277 | -41.277 |   0.084 |   0.128 |         0.516 | 3.198079e-06 |   5.742274e-07 | 345.1889 |    104.8302 |  -0.1512107 |   0.4034418 | -4.334668 |     17.02643 |
|    110412 |    110412A | GRB110412315 |            7.556 |             7.56 |  8.899 |  8.899 |  13.488 |  13.517 |    23.4 |  20.733 |         4.636 | 2.823803e-07 |   5.383623e-08 | 64.80499 |    26.38367 | -0.01806932 |    1.025704 | -2.138246 |    0.3281697 |
|    110402 |    110402A | GRB110402009 |            0.216 |            0.216 | 13.162 | 13.161 |  61.247 |  61.242 |    60.9 |  35.649 |         1.461 | 1.751499e-06 |   1.512818e-07 | 881.3683 |    418.2292 |  -0.9489891 |    0.160284 | -2.489392 |    0.8409213 |
|    110319 |    110319B | GRB110319815 |           19.567 |           19.567 | 21.739 | 21.705 | -56.774 |  -57.11 |    14.5 |  31.232 |         5.049 | 6.584064e-07 |   1.073211e-07 | 450.0893 |    233.7183 |   -1.015183 |   0.2698769 |  -9.09244 |     9918.869 |
|    110318 |    110318A | GRB110318552 |           13.239 |           13.238 | 22.553 | 22.552 | -15.278 | -15.282 |    16.0 |  14.464 |         1.094 | 1.583608e-06 |   9.812359e-08 | 168.1985 |    18.09915 |  -0.5227277 |   0.1094658 | -2.688084 |    0.4759947 |
|    110213 |    110213A | GRB110213220 |            5.291 |            5.286 |  2.865 |  2.867 |  49.278 |  49.291 |    48.0 |  34.305 |         1.639 | 1.376025e-06 |   9.771947e-08 | 81.15365 |    9.575954 |   -1.059352 |   0.1321034 | -2.667196 |    0.3660178 |
|    110207 |    110207A | GRB110207470 |           11.289 |           11.289 |  0.836 |  0.836 |  -10.79 | -10.806 |    80.3 |  37.888 |          2.29 | 4.270796e-07 |   8.020926e-08 | 416.2024 |    384.8164 |  -0.9414929 |   0.2967849 | -1.975086 |    0.8160585 |
|    110128 |    110128A | GRB110128073 |            1.742 |            1.743 | 12.925 | 12.927 |  28.108 |    28.1 |    30.7 |   12.16 |         4.971 | 2.746435e-07 |   8.365824e-08 | 323.4807 |    206.8839 |  -0.8989181 |   0.3453854 | -13.28002 |    2543975.0 |
|    110119 |    110119A | GRB110119931 |           22.349 |            22.35 | 23.239 | 23.237 |   5.982 |   5.988 |   208.0 | 205.828 |         1.864 | 4.821353e-07 |   8.905107e-08 | 171.6044 |    34.43681 | -0.03121007 |   0.3659998 | -3.287636 |     2.372856 |
|    110106 |    110106B | GRB110106893 |           21.438 |           21.438 |  8.944 |  8.946 |  47.005 |  46.998 |    24.8 |  35.521 |         3.612 | 3.256557e-07 |   9.215319e-08 | 353.8627 |    305.9837 |   -1.186668 |   0.2836561 | -7.382504 |     7202.918 |
|    110102 |    110102A | GRB110102788 |           18.874 |            18.91 | 16.392 | 16.392 |   7.617 |   7.616 |   264.0 | 253.956 |         2.049 | 2.650196e-06 |   1.187974e-07 | 506.6919 |    90.78879 |   -1.021852 |   0.0568932 | -2.406032 |    0.4577827 |
|    101219 |    101219B | GRB101219686 |           16.465 |            16.47 |  0.817 |  0.815 | -34.556 | -34.566 |    34.0 |  51.009 |         1.775 |  2.30267e-07 |   6.262781e-08 | 87.21371 |     23.3495 |   0.4960754 |   0.9830689 | -2.638719 |    0.8528025 |
|    101030 |    101030A | GRB101030664 |           15.941 |           15.942 | 11.093 | 11.093 | -16.389 | -16.389 |    92.0 |  95.746 |         4.375 | 1.195185e-07 |   1.016975e-07 | 81.73903 |    50.99827 |   -1.252344 |   0.5978994 | -4.545929 |     92.30972 |
|    101024 |    101024A | GRB101024486 |           11.658 |           11.659 |  4.431 |  4.434 | -77.261 | -77.265 |    18.7 |  20.224 |         2.828 | 1.974737e-06 |   1.592104e-07 | 3611.351 |     863.557 |   -0.780908 |   0.1159928 | -2.759094 |     0.662046 |
|    101023 |    101023A | GRB101023951 |           22.837 |           22.835 | 21.197 | 21.198 | -65.389 | -65.386 |    80.8 |  76.801 |         8.256 | 5.481202e-06 |   1.281253e-07 | 255.8372 |     17.3666 |  -0.7904472 |  0.05438288 | -2.765915 |    0.2845986 |
|    101011 |    101011A | GRB101011707 |           16.976 |           16.977 |  3.218 |   3.22 |  -65.99 |   -65.9 |    71.5 |  36.352 |         2.318 |   1.2157e-06 |   1.201015e-07 | 2248.307 |     539.101 |  -0.2202842 |    0.269974 | -3.964564 |     2.758289 |
|    100924 |    100924A | GRB100924165 |            3.969 |            3.969 |  0.045 |  0.045 |   7.004 |   7.004 |    96.0 |   9.024 |         0.362 | 1.143402e-06 |   9.197264e-08 | 308.4159 |    64.50854 |  -0.7829276 |    0.122376 |  -3.30914 |     4.228429 |
|    100906 |    100906A | GRB100906576 |           13.824 |           13.824 |  1.913 |  1.912 |  55.634 |  55.631 |   114.4 | 110.594 |         2.828 | 2.237663e-06 |   1.222077e-07 | 146.3268 |    25.17996 |  -0.6028408 |   0.1577489 | -2.140209 |    0.1628662 |
|    100816 |    100816A | GRB100816026 |            0.631 |            0.631 | 23.449 | 23.449 |  26.568 |  26.579 |     2.9 |   2.045 |         0.229 | 2.517018e-06 |   3.848897e-07 | 131.9189 |    23.63843 |  -0.1299976 |   0.3271034 | -3.195457 |     1.390314 |
|    100814 |    100814A | GRB100814160 |            3.836 |            3.836 |  1.499 |  1.498 |  -17.99 | -17.996 |   174.5 |  150.53 |         1.619 | 1.001622e-06 |   7.883003e-08 |  128.188 |    28.52776 |   0.9106327 |   0.7165975 | -1.841843 |    0.1375029 |
|    100802 |    100802A | GRB100802240 |             5.76 |             5.76 |  0.165 |  0.164 |  47.752 |  47.754 |   487.0 |  28.672 |         3.167 | 3.215625e-07 |   5.556494e-08 | 80.79852 |    62.21449 |     2.17114 |    4.838437 | -1.538218 |     0.171219 |
|    100728 |    100728B | GRB100728439 |           10.532 |           10.532 |  2.937 |  2.937 |   0.296 |    0.28 |    12.1 |   10.24 |         1.846 | 7.418661e-07 |   7.117626e-08 | 63.19291 |    20.82245 |  -0.1778322 |    0.618432 | -1.842766 |    0.1186177 |
|    100728 |    100728A | GRB100728095 |            2.307 |            2.292 |  5.917 |  5.917 | -15.259 | -15.256 |   198.5 | 165.378 |         2.896 | 2.977882e-06 |   1.290585e-07 | 445.7095 |      56.038 |  -0.4535787 |  0.09414341 | -2.473951 |    0.3791233 |
|    100725 |    100725B | GRB100725475 |           11.409 |            11.41 | 19.335 | 19.336 |  76.955 |  76.956 |   200.0 | 146.434 |         4.971 | 3.573854e-07 |   1.305403e-07 | 139.4407 |     62.4087 |  -0.8229022 |   0.4764179 | -3.911286 |     15.44864 |
|    100704 |    100704A | GRB100704149 |            3.586 |            3.585 |  8.909 |  8.909 | -24.202 | -24.216 |   197.5 | 214.404 |         5.917 | 1.234421e-06 |   9.614278e-08 | 241.4656 |    42.80981 |  -0.5048383 |   0.1484732 | -2.557929 |    0.7260258 |
|    100625 |    100625A | GRB100625773 |           18.541 |           18.541 |  1.053 |  1.053 | -39.091 | -39.088 |    0.33 |    0.24 |         0.276 | 5.998001e-06 |    7.19017e-07 | 328.4625 |    101.6235 |   0.6542983 |   0.7948225 | -2.228605 |     0.386676 |
|    100619 |    100619A | GRB100619015 |            0.352 |            0.352 |  5.641 |  5.641 | -27.012 | -27.012 |    97.5 |  96.002 |         1.319 | 5.195553e-07 |   5.666423e-08 | 98.07391 |    20.07729 |   -1.264005 |     0.19705 | -16.16698 |   54470980.0 |
|    100615 |    100615A | GRB100615083 |            1.984 |            1.985 | 11.814 | 11.814 | -19.483 | -19.482 |    39.0 |  37.377 |         0.979 | 7.918945e-07 |    5.56133e-08 | 47.74328 |    6.945848 |   0.3107208 |    0.497294 | -2.123057 |     0.100839 |
|    100522 |    100522A | GRB100522157 |            3.764 |            3.765 |  0.466 |  0.466 |   9.397 |   9.402 |    35.3 |  35.326 |         0.715 | 1.005383e-06 |   8.515256e-08 | 102.3257 |    13.80935 |   -0.553197 |   0.2305422 | -2.671876 |    0.4070132 |
|    100504 |    100504A | GRB100504806 |            19.35 |           19.349 | 17.038 | 17.039 |  -35.59 |   -35.6 |    97.3 |  16.512 |          1.81 | 1.908285e-07 |   9.854082e-08 | 102.6146 |    44.90315 |    -1.10544 |   0.4639055 | -7.089542 |     1927.978 |
|    100206 |    100206A | GRB100206563 |           13.501 |           13.501 |  3.145 |  3.144 |  13.175 |  13.158 |    0.12 |   0.176 |         0.072 | 9.402238e-06 |   7.232825e-07 | 566.0923 |    117.2836 |  -0.2219089 |   0.1791444 | -2.384404 |    0.4532132 |
|     91221 |     091221 | GRB091221870 |           20.881 |           20.883 |   3.72 |   3.72 |  23.243 |   23.24 |    68.5 |   23.04 |         5.177 | 1.107256e-06 |   8.721137e-08 | 681.3929 |    222.6489 |  -0.9933085 |   0.1055235 | -6.003449 |     179.5847 |
|     91208 |    091208B | GRB091208410 |            9.832 |            9.833 |  1.961 |  1.959 |  16.881 |   16.89 |    14.9 |   12.48 |         5.018 |  2.69014e-06 |   1.072481e-07 | 145.5129 |    19.59596 |  -0.9337836 |  0.08934812 | -2.198303 |     0.146239 |
|     91127 |     091127 | GRB091127976 |           23.429 |           23.429 |  2.439 |  2.439 | -18.948 | -18.952 |     7.1 |   8.701 |         0.571 | 5.560185e-06 |   8.512325e-08 | 55.45233 |    2.278017 |  -0.5091187 |  0.08498511 | -2.273314 |    0.0313843 |
|     91112 |     091112 | GRB091112737 |           17.689 |           17.688 | 17.183 | 17.182 | -36.729 | -36.715 |    17.0 |  24.576 |         0.923 | 8.173003e-07 |   9.890874e-08 | 496.5882 |    252.2278 |  -0.9639494 |   0.1676671 | -2.204017 |    0.8499233 |
|     91020 |     091020 | GRB091020900 |           21.612 |           21.612 | 11.715 | 11.715 |  50.977 |   50.98 |    34.6 |  24.256 |         7.973 | 1.239016e-06 |   7.318899e-08 | 239.8271 |     142.685 |  -0.9117794 |   0.2560934 | -1.674574 |   0.09403235 |
|     90927 |     090927 | GRB090927422 |           10.121 |           10.121 | 22.929 |  22.93 | -70.973 |  -70.98 |     2.2 |   0.512 |         0.231 | 5.889473e-07 |   2.116526e-07 | 96.28263 |    15.01011 |     1.99968 |    1.559278 | -10.93263 |     2663.177 |
|     90926 |    090926B | GRB090926914 |            21.93 |           21.925 |  3.087 |  3.088 | -38.997 | -39.011 |   109.7 |  55.553 |         7.638 | 3.857081e-07 |   9.369987e-08 | 111.3605 |    14.26168 |  -0.1207696 |    0.320688 | -6.251487 |     76.74973 |
|     90915 |     090915 | GRB090915650 |           15.593 |           15.593 | 15.866 | 15.868 |   15.48 |  15.488 |     8.0 |  76.609 |         1.559 | 3.044506e-07 |   7.762471e-08 | 191.7813 |    77.56789 |  -0.8437808 |   0.3331949 | -5.230207 |     143.2117 |
|     90904 |    090904B | GRB090904058 |            1.405 |            1.404 | 17.613 | 17.613 | -25.219 | -25.212 |    47.0 |  56.065 |         1.846 | 9.318102e-07 |   1.235479e-07 | 252.1047 |     87.5932 |   -1.269387 |   0.1449101 | -4.459913 |     49.47132 |
|     90813 |     090813 | GRB090813174 |            4.179 |            4.178 | 15.004 | 15.053 |  88.571 |  88.569 |     7.1 |   7.552 |         0.362 | 1.005446e-06 |   6.597239e-08 | 63.96431 |    12.60016 |  -0.2095518 |     0.40326 | -2.034799 |    0.1029837 |
|     90709 |    090709B | GRB090709630 |           15.128 |           15.128 |  6.235 |   6.24 |  64.081 |  64.085 |    27.2 |  22.272 |          9.23 | 3.641501e-07 |   7.972009e-08 | 113.5412 |    22.88167 |  -0.3438122 |   0.3337762 | -2.959599 |     1.446428 |
|     90708 |     090708 | GRB090708152 |            3.638 |            3.638 | 10.309 | 10.309 |  26.616 |  26.637 |    15.0 |  21.248 |         3.167 | 1.136403e-07 |   6.163385e-08 | 64.99516 |    43.23639 |   -1.373199 |   0.6233812 | -2.836292 |     4.007621 |
|     90621 |    090621B | GRB090621922 |           22.124 |           22.124 | 20.897 | 20.895 |  69.034 |  69.013 |    0.14 |   0.384 |         1.032 | 2.880972e-06 |   4.141938e-07 | 188.1228 |    93.98742 |   0.6512898 |    1.161996 | -1.843271 |     0.287695 |
|     90618 |     090618 | GRB090618353 |            8.475 |            8.474 | 19.601 | 19.599 |  78.352 |  78.358 |   113.2 | 112.386 |         1.086 | 1.340083e-05 |   2.525354e-07 | 425.8604 |    23.61092 |  -0.9579971 |   0.0316006 | -2.873375 |    0.2556554 |
|     90531 |    090531B | GRB090531775 |           18.599 |           18.599 | 16.805 | 16.804 | -36.015 |  -36.05 |    80.0 |   0.768 |         0.231 | 2.311047e-06 |   3.881465e-07 | 2695.716 |    2093.109 |  -0.7696291 |   0.2422048 | -2.763963 |     2.548044 |
|     90518 |     090518 | GRB090518080 |            1.912 |            1.912 |  7.997 |  7.997 |   0.778 |    0.75 |     6.9 |   2.048 |          0.41 | 4.373808e-07 |   8.083557e-08 | 190.0029 |    78.83112 |   -1.208219 |   0.2264841 | -13.13569 |    3208021.0 |
|     90516 |    090516A | GRB090516353 |            8.464 |            8.466 |  9.216 |  9.217 | -11.848 |  -11.85 |   210.0 | 123.074 |         2.896 | 5.275849e-07 |   6.284446e-08 | 69.68456 |    50.16023 |  -0.5550286 |   0.9174827 | -1.793386 |    0.1538408 |
|     90509 |     090509 | GRB090509215 |            5.168 |            5.168 | 16.095 | 16.093 | -28.385 |   -28.4 |   335.0 | 283.844 |         2.463 | 4.708091e-07 |   6.528157e-08 | 191.8982 |    111.5119 |  -0.4223492 |   0.5679516 | -1.850507 |    0.3362694 |
|     90424 |     090424 | GRB090424592 |           14.202 |           14.202 | 12.635 | 12.633 |  16.829 |    16.8 |    48.0 |  14.144 |         0.264 | 1.096896e-05 |    1.38453e-07 | 186.9056 |    5.694518 |  -0.8428213 |  0.02381139 | -2.938811 |    0.1646469 |
|     90423 |     090423 | GRB090423330 |            7.922 |            7.924 |  9.926 |  9.913 |  18.165 |    18.1 |    10.3 |   7.168 |         2.415 | 1.519011e-07 |   1.009946e-07 | 80.20946 |    20.55983 |  -0.6161758 |   0.5439942 | -7.860589 |     1923.028 |
|     90422 |     090422 | GRB090422150 |            3.588 |            3.588 |  19.65 | 19.647 |  40.398 |    40.4 |     8.5 |   9.216 |         0.362 | 1.553732e-07 |   4.309192e-08 | 72.25961 |    13.49607 |   0.6689133 |   0.9639131 |  -3.48955 |     2.201769 |
|     90129 |     090129 | GRB090129880 |           21.121 |           21.121 |  17.94 | 17.933 | -32.793 |   -32.8 |    17.5 |   16.64 |         3.328 | 9.546301e-07 |   6.703233e-08 | 301.5264 |    121.3141 |    -1.17375 |   0.1250889 | -2.201465 |    0.5623777 |
|     90113 |     090113 | GRB090113778 |           18.678 |           18.678 |  2.138 |   2.14 |  33.436 |    33.4 |     9.1 |  17.408 |         3.238 | 4.720358e-07 |   8.275154e-08 | 202.1312 |    44.73004 |  -0.6245563 |   0.2199011 | -4.721095 |     28.50507 |
|     90102 |     090102 | GRB090102122 |            2.929 |            2.925 |   8.55 |  8.547 |  33.107 |    33.1 |    27.0 |  26.624 |          0.81 | 2.964657e-06 |   1.164381e-07 | 378.2668 |    22.98033 |  -0.2740737 |  0.07281825 | -7.321187 |     157.8212 |
|     81222 |     081222 | GRB081222204 |              4.9 |              4.9 |  1.517 |  1.513 | -34.095 |   -34.1 |    24.0 |   18.88 |         2.318 |  1.66787e-06 |   8.825765e-08 | 167.4924 |    19.22321 |  -0.7350503 |  0.09339649 | -2.589271 |    0.3848182 |
|     81221 |     081221 | GRB081221681 |           16.353 |           16.353 |  1.053 |  1.053 | -24.542 |   -24.5 |    34.0 |  29.697 |          0.41 | 2.468543e-06 |   9.024168e-08 | 115.6503 |    4.717067 |  -0.3420984 |  0.07409413 | -3.885949 |    0.7961366 |
|     81126 |     081126 | GRB081126899 |           21.569 |           21.569 | 21.568 | 21.567 |  48.714 |    48.7 |    54.0 |  54.145 |         0.923 | 1.375755e-06 |   7.331351e-08 |  293.157 |    55.95936 |  -0.5060318 |   0.1456539 | -2.176168 |    0.2928827 |
|     81121 |     081121 | GRB081121858 |           20.592 |           20.591 |  5.952 |  5.953 | -60.612 |   -60.6 |    14.0 |  41.985 |          8.51 | 1.541919e-06 |   9.391022e-08 | 192.4424 |     66.2615 |  -0.1947406 |   0.4440776 | -1.762847 |     0.100441 |
|     81101 |     081101 | GRB081101491 |           11.775 |           11.776 |  6.389 |  6.387 |  -0.112 |    -0.1 |     0.2 |   0.128 |         0.091 | 1.137195e-06 |   3.346163e-07 |  207.753 |    90.30927 |  -0.4559148 |   0.5042921 | -3.756732 |     9.775468 |
|     81025 |     081025 | GRB081025349 |            8.367 |            8.385 | 16.353 |  16.36 |  60.466 |    60.5 |    23.0 |  22.528 |         0.724 | 1.079718e-06 |   1.171463e-07 | 405.6714 |    121.5935 |  -0.4146322 |   0.2252917 | -2.765537 |     2.209242 |
|     81024 |    081024A | GRB081024245 |            5.883 |            5.886 |  1.859 |   1.86 |  61.352 |    61.3 |     1.8 |   0.832 |         1.282 | 2.651241e-06 |   6.070389e-07 | 596.1074 |    312.9762 | -0.09717924 |    0.649251 | -4.979814 |     60.77529 |
|     81012 |     081012 | GRB081012549 |           13.173 |           13.173 |  2.012 |  2.013 | -17.627 |   -17.6 |    29.0 |  30.721 |         5.615 | 6.070581e-07 |   1.177782e-07 | 626.0776 |     330.757 |  -0.5172774 |   0.3296287 | -4.948403 |     107.6321 |
|     81008 |     081008 | GRB081008832 |           19.969 |           19.967 | 18.665 | 18.667 | -57.433 |   -57.4 |   185.5 | 150.015 |        12.892 | 3.352711e-07 |   6.391938e-08 | 173.2569 |    48.58861 |  -0.6622945 |   0.3007005 | -12.30417 |     434886.5 |
|     80928 |     080928 | GRB080928628 |           15.026 |           15.082 |  6.337 |   6.34 | -55.176 |   -55.2 |   280.0 |  14.336 |         4.007 | 2.095947e-07 |   6.408317e-08 | 83.13947 |    33.11314 |   -1.138584 |   0.4486743 | -2.916776 |     2.519191 |
|     80916 |    080916A | GRB080916406 |            9.756 |            9.755 | 22.419 |  22.42 | -57.026 |   -57.0 |    60.0 |  46.337 |         7.173 | 8.416191e-07 |   9.741486e-08 | 241.1314 |    36.95835 |  -0.4276115 |   0.1708976 | -4.830435 |     20.43674 |
|     80905 |    080905A | GRB080905499 |           11.982 |           11.982 | 19.178 |  19.18 | -18.865 |   -18.9 |     1.0 |    0.96 |         0.345 | 2.801938e-06 |   4.499353e-07 | 676.7375 |    274.7557 |  -0.1658796 |   0.4490574 | -9.851741 |     13387.93 |
|     80810 |     080810 | GRB080810549 |            13.17 |            13.17 | 23.786 | 23.787 |    0.31 |    0.32 |   106.0 | 107.457 |        15.413 | 7.327225e-07 |   8.256937e-08 | 734.9279 |    488.7461 |   -1.179501 |   0.1348743 |  -2.42858 |     1.753877 |
|     80804 |     080804 | GRB080804972 |           23.337 |           23.337 | 21.912 | 21.913 | -53.189 |   -53.2 |    34.0 |  24.704 |          1.46 | 5.580875e-07 |   9.064421e-08 | 162.8082 |    32.11136 |  -0.1886347 |   0.2838167 | -2.797097 |     1.141707 |
|     80727 |    080727C | GRB080727964 |           23.126 |            23.13 |  2.176 |  2.173 |   64.13 |    64.1 |    79.7 |  89.089 |         6.476 | 7.228525e-07 |   9.621206e-08 | 344.2287 |    96.09229 |  -0.8261038 |   0.1893466 | -18.26271 |  109016300.0 |
|     80725 |     080725 | GRB080725435 |           10.437 |           10.436 |  8.113 |  8.113 | -13.984 |   -14.0 |   120.0 |   25.92 |         1.208 | 5.938967e-07 |   6.907176e-08 | 329.7727 |    138.9358 |  -0.9114301 |    0.187779 | -2.534569 |      1.81343 |
|     80714 |     080714 | GRB080714745 |           17.882 |           17.882 |  12.54 |  12.54 | -60.274 |   -60.2 |    33.0 |  59.649 |        11.276 | 1.116754e-06 |    1.20348e-07 | 307.1885 |    64.60365 |  -0.8487474 |   0.1744832 | -6.913354 |     510.8949 |
