|    name |       pseudo z |   pseudo z_error | Epeak (siml) [keV] | Epeak_error (siml) [keV] |        Luminosity |  Luminosity_error |
| 170428A |  2.87203843308 |  0.0286912965958 |      407.039093107 |                      0.0 | 8.35876678514e+52 | 7.61210213577e+50 |
| 170325A |  3.62904592746 |   0.076081617877 |      272.469060917 |                      0.0 | 6.35661840828e+52 |  1.2840036957e+51 |
| 170112A |  3.37404340293 |   0.138227646579 |      84.6141202903 |                      0.0 | 1.40906364137e+52 | 5.47260770327e+50 |
| 161104A |   2.9940396409 |  0.0676007456344 |      123.870899343 |                      0.0 | 2.01227324221e+52 | 4.18579495747e+50 |
| 160714A |  3.10304072001 |   0.111456985868 |      214.257435509 |                      0.0 |  4.0787990851e+52 |  1.3617132498e+51 |
| 160624A |    5.065060144 |  0.0831046622228 |      241.046239711 |                      0.0 |  7.6222172254e+52 | 1.28358159499e+51 |
| 160601A |  1.32802314733 |   0.063939991015 |      49.0761630255 |                      0.0 | 3.32481488521e+51 | 1.12228880261e+50 |
| 160525B |  1.68402667177 |  0.0727937141018 |      71.1230430917 |                      0.0 | 6.24545417443e+51 | 2.08172309527e+50 |
| 151205B |  3.55404518495 |    0.11929019863 |      182.634940867 |                      0.0 | 3.81118699162e+52 | 1.22692938157e+51 |
| 151127A |  6.15307091531 |  0.0992559779815 |      274.478909742 |                      0.0 |  1.0951270953e+53 | 1.86758574081e+51 |
| 150831A |  2.67403647286 |  0.0347748121825 |       427.19626243 |                      0.0 | 8.31937062902e+52 | 9.67751125849e+50 |
| 150728A |  2.93203902709 |  0.0807351478483 |      103.392456734 |                      0.0 | 1.58144832211e+52 | 3.99072418401e+50 |
| 150710A |  2.44403419584 |  0.0547534552135 |      102.860575134 |                      0.0 | 1.33566381432e+52 | 2.60971522206e+50 |
| 150301A |  5.48406429214 |  0.0818983964619 |      480.600229222 |                      0.0 | 1.93258734979e+53 | 2.99998512575e+51 |
| 150101A |  12.2831316029 |   0.083404574104 |      725.696598005 |                      0.0 | 7.74111626778e+53 | 5.97372005987e+51 |
| 140930B |  1.40102387004 |  0.0296774185211 |      179.781193148 |                      0.0 | 1.70165054877e+52 | 2.58494855713e+50 |
| 140606A |  5.60306547025 |  0.0814999631941 |      282.988574517 |                      0.0 | 1.03069554241e+53 | 1.56348633531e+51 |
| 140516A |   4.0590501845 |  0.0842650444289 |      170.516270148 |                      0.0 |  3.9856819477e+52 | 8.15892590418e+50 |
| 140320A |  3.88704848168 |   0.140216511097 |      184.930924925 |                      0.0 |  4.2215015393e+52 | 1.48857713598e+51 |
| 140129B |  4.44205397624 |  0.0935279157652 |      316.432196897 |                      0.0 | 9.32255016557e+52 | 1.96908753664e+51 |
| 130626A |  2.80403775988 |  0.0887228286928 |      155.762428871 |                      0.0 | 2.51301022364e+52 |   7.203386188e+50 |
| 130313A |  6.21407151922 |  0.0791506694115 |       334.38551208 |                      0.0 |  1.4107785028e+53 | 1.90232565513e+51 |
| 121226A |  2.69503668077 |  0.0740607453788 |      234.112137994 |                      0.0 | 4.00096290292e+52 | 9.85566043859e+50 |
| 120804A | 0.761017533975 |  0.0110437559127 |      152.317962303 |                      0.0 | 9.48888490779e+51 | 7.31341437649e+49 |
| 120630A |  2.40303378994 |   0.108882409825 |      100.256823315 |                      0.0 | 1.27487630256e+52 | 5.01315802046e+50 |
| 120521A |  3.18704155162 |  0.0456419078706 |      189.498733681 |                      0.0 | 3.59787867895e+52 | 4.82008744154e+50 |
| 120403A |  8.82709738817 |  0.0603835911249 |      1145.38369969 |                      0.0 | 9.36602653123e+53 | 7.07295580329e+51 |
| 120305A |  3.93304893709 |  0.0382626159544 |      542.166241154 |                      0.0 | 1.60119524288e+53 | 1.52635449144e+51 |
| 120229A |  4.11705075871 |  0.0842845798372 |      174.317782425 |                      0.0 | 4.15264714873e+52 | 8.40630831974e+50 |
| 111020A |  5.73806680677 |  0.0900245816012 |      474.362389679 |                      0.0 | 1.99333355519e+53 | 3.27308783129e+51 |
| 110112A |  7.62708550806 |   0.145048816745 |      469.339571857 |                      0.0 | 2.66634702484e+53 | 5.50958189398e+51 |
| 101224A |   2.0270300675 |   0.101996643536 |      77.1791436426 |                      0.0 | 8.00748804407e+51 | 3.31602142101e+50 |
| 100702A |  3.79804760058 |  0.0420059247859 |      475.306520238 |                      0.0 | 1.31657828115e+53 | 1.41659129131e+51 |
| 100628A |  4.69705650077 |  0.0838586898544 |      214.029716117 |                      0.0 | 6.09954600197e+52 | 1.10343547021e+51 |
| 100117A |  1.71802700837 |  0.0456344990769 |      190.061131992 |                      0.0 | 2.12314755235e+52 | 4.38098312232e+50 |
| 091109B | 0.831018226982 |  0.0156886148454 |      99.9562027452 |                      0.0 | 5.92937202649e+51 | 6.24385079841e+49 |
| 090815C |  1.55602540455 |   0.104814516348 |      45.2141504684 |                      0.0 | 3.37144364203e+51 | 1.69912001546e+50 |
|  090515 |  1.50802492935 |   0.048818939236 |      269.108792272 |                      0.0 | 2.94683336134e+52 | 7.04959147668e+50 |
| 090417A |  1.08002069211 |  0.0703300194753 |      109.393764529 |                      0.0 |   7.749237439e+51 | 3.22020806392e+50 |
| 090305A |  3.19904167042 |  0.0865387907426 |      350.184200599 |                      0.0 | 7.67644396754e+52 | 1.94434176422e+51 |
| 081226A |  1.41502400864 |  0.0497423818434 |      120.432304467 |                      0.0 | 1.04817760015e+52 | 2.65333375339e+50 |
|  080919 |  1.74202724597 |  0.0555189065624 |      94.6926046292 |                      0.0 | 9.11859052991e+51 | 2.26907439647e+50 |
| 080702A |  2.92803898749 |   0.115299036297 |      135.660537039 |                      0.0 | 2.20558745236e+52 | 7.95657302259e+50 |
|  080426 | 0.859018504185 |  0.0135514005795 |      95.8491259126 |                      0.0 | 5.73452169839e+51 | 5.13747301624e+49 |
| 071112B |  1.14002128611 |   0.060488328224 |      52.0300751758 |                      0.0 | 3.22046948544e+51 | 1.11872813379e+50 |
|  070923 |  3.44404409594 |  0.0693145841171 |      474.310388563 |                      0.0 | 1.19488749098e+53 | 2.29047291078e+51 |
| 070810B |  1.44902434524 |   0.067214099383 |      98.8842036664 |                      0.0 | 8.37111254542e+51 |  2.8235946162e+50 |
|  070809 |  1.88002861219 |  0.0575571198271 |       106.57791143 |                      0.0 | 1.11958875755e+52 | 2.74987316512e+50 |
|  070729 |  3.72204684817 |   0.083883373087 |      262.153418961 |                      0.0 | 6.21234911695e+52 | 1.35629240925e+51 |
|  070406 |  5.96606906399 |   0.119155327179 |      245.034048895 |                      0.0 | 9.22140488779e+52 | 1.93853953114e+51 |
|  070209 |  16.7801761237 |  0.0585733840816 |       1636.4112095 |                      0.0 | 3.00929573976e+54 |  1.2183750888e+52 |
|  060801 |  4.46405419404 |  0.0530112035737 |      422.073263032 |                      0.0 | 1.33463899718e+53 | 1.59135971519e+51 |
|  060313 |  0.70901701917 | 0.00701771239359 |      148.930904811 |                      0.0 | 8.89624772721e+51 | 4.48960288794e+49 |
|  051210 |  2.35403330483 |  0.0605390922959 |      102.766457964 |                      0.0 | 1.29072689218e+52 |  2.8632203743e+50 |
| 051105A |    7.067079964 |   0.141149045603 |      287.287990578 |                      0.0 | 1.34310831137e+53 |  2.8881816447e+51 |
|  050925 | 0.792017840878 |  0.0243507344994 |      152.539184339 |                      0.0 | 9.71939021013e+51 |  1.6231574061e+50 |
|  050202 |  2.89903870039 |   0.124437930618 |      109.822346417 |                      0.0 | 1.68539155122e+52 | 6.61070731981e+50 |
