|         name |       pseudo z |  pseudo z_error | Epeak (meas) [keV] | Epeak_error (meas) [keV] |        Luminosity |  Luminosity_error |
| GRB170206453 | 0.591015850959 | 0.0391235969888 |           382.8193 |                 34.17923 | 2.51953188195e+52 | 1.50483117673e+51 |
| GRB170127634 |  2.34103317613 |  0.558081956619 |           696.9158 |                 274.9997 | 9.21101488667e+52 | 5.69788080289e+52 |
| GRB170127067 | 0.563015573756 | 0.0261980655249 |           930.8628 |                 50.93115 | 7.50229660306e+52 | 2.76302152635e+51 |
| GRB170124528 |  1.06802057331 |  0.317755595235 |            184.107 |                 77.06606 | 1.20418239566e+52 | 4.69787539044e+51 |
| GRB170121133 |  1.26902256323 |   0.32493402821 |           240.7194 |                 86.72807 | 1.80553832055e+52 | 6.80000533099e+51 |
| GRB170111760 |  2.42103396814 |  0.576092413938 |           802.1448 |                 320.6566 | 1.61844253418e+53 | 1.03701833096e+53 |
| GRB161230298 |  1.88302864189 |   0.46729579159 |           430.6406 |                 155.9613 |  6.1839150891e+52 | 3.08119673678e+52 |
| GRB161218222 |  2.91903889839 |  0.326726915005 |           2041.903 |                 377.6876 | 5.81105603065e+53 | 2.01459521939e+53 |
| GRB161026373 |  1.83502816668 |  0.497792681735 |            207.184 |                 57.72955 | 2.45739788342e+52 | 1.04322040899e+52 |
| GRB161015400 |  1.53502519665 |  0.474302575591 |           256.7502 |                 119.2586 | 2.05941875731e+52 | 1.12143645841e+52 |
| GRB160829334 |  1.44802433534 |    0.4666425099 |           242.8424 |                 123.8213 | 1.85555176243e+52 | 1.04898849853e+52 |
| GRB160826938 |  1.34702333543 |  0.545478190479 |            72.9363 |                 30.60969 | 4.56247382547e+51 | 2.30195521246e+51 |
| GRB160822672 |  1.32302309783 |  0.236289418417 |           640.2372 |                 177.8453 | 6.63666666191e+52 | 1.92878213455e+52 |
| GRB160821937 |  1.29602283053 |  0.530990306262 |           125.1894 |                 75.88052 | 1.02191805324e+52 | 6.47727353482e+51 |
| GRB160820496 |  1.83202813698 |  0.397201072571 |           530.0693 |                 183.8305 | 7.84216429357e+52 | 3.56603613126e+52 |
| GRB160806584 |  1.08702076141 |   0.16267884295 |           180.5943 |                 32.11278 | 1.46802915428e+52 | 2.58329756478e+51 |
| GRB160804968 |  3.80104763028 |   1.05414939417 |           1722.469 |                 920.8385 | 6.18256688563e+53 | 7.37982325853e+53 |
| GRB160804180 |  2.08903068131 |  0.351236219525 |           1198.606 |                 347.6891 | 2.34480049526e+53 | 9.64155312147e+52 |
| GRB160726065 |  1.87502856269 |  0.478774622268 |           865.0218 |                 354.0813 | 1.46747218957e+53 | 8.00942400307e+52 |
| GRB160612842 |  1.40402389974 |  0.302807284455 |           652.9112 |                 233.7752 | 6.15586679505e+52 | 2.36131072763e+52 |
| GRB160411062 |  1.55302537485 |   0.35614655078 |           102.7589 |                 23.64955 | 9.13258729004e+51 | 2.84123018236e+51 |
| GRB160408268 |  1.77302755288 |  0.513462660136 |           593.9627 |                 298.3688 | 6.84222783384e+52 | 4.30026809992e+52 |
| GRB160406503 | 0.838018296283 |  0.164804244377 |           248.4562 |                 77.38967 | 1.45272017644e+52 | 3.53106888787e+51 |
| GRB151231568 |  1.75102733507 |  0.428941780996 |           578.0789 |                 237.7015 | 7.45557059758e+52 | 3.83457158723e+52 |
| GRB151229486 |  1.53002514715 |   0.84758992359 |           226.9345 |                 216.4868 | 1.72061855405e+52 | 1.84980216627e+52 |
| GRB151229285 |  1.33602322653 | 0.0979637234998 |           101.8448 |                 10.33207 | 1.02666688267e+52 | 1.13366027648e+51 |
| GRB151228129 |  2.12903107731 |  0.477338375274 |           963.9893 |                 351.4275 | 1.82733603655e+53 | 9.74720925427e+52 |
| GRB151222340 |  2.29503272073 |  0.592231794165 |            1161.49 |                 533.6354 | 2.06247691506e+53 | 1.43199117695e+53 |
| GRB150923864 | 0.793017850779 |  0.117268042096 |           120.8878 |                 21.12312 | 7.10562738307e+51 |  1.0085925407e+51 |
| GRB150923297 |  1.29402281073 |  0.652178573847 |           189.9169 |                 170.6284 | 1.26973609037e+52 | 1.13571449019e+52 |
| GRB150922234 |  1.15502143461 |  0.110538702066 |           675.1127 |                 95.14654 |  7.5283312735e+52 | 1.02810698229e+52 |
| GRB150912600 |  2.08703066151 |  0.577133547435 |            382.278 |                 142.2673 | 5.77436011726e+52 | 3.28559816247e+52 |
| GRB150906944 | 0.736017286473 |  0.199046743382 |           157.1643 |                 68.88925 | 7.80691763176e+51 | 2.47068535368e+51 |
| GRB150819440 | 0.414014098641 | 0.0166807722852 |           542.0575 |                 26.10186 | 3.44034810205e+52 | 9.61429374784e+50 |
| GRB150811849 |  1.24702234542 |  0.167913121363 |           745.9009 |                 151.8488 | 8.95292498198e+52 | 1.84571433659e+52 |
| GRB150810485 | 0.787017791378 |  0.112303993576 |           242.6199 |                 52.36776 | 1.44985600361e+52 | 2.38035860065e+51 |
| GRB150805746 |  1.29502282063 |  0.419831010734 |           58.38833 |                  21.3685 | 4.15096628639e+51 | 1.72386652081e+51 |
| GRB150728151 |  2.19103169112 |  0.932502918377 |           574.7437 |                 425.9215 | 7.29764370678e+52 | 7.93245222776e+52 |
| GRB150715136 |  5.72306665827 |   2.42440563271 |           1226.613 |                 1100.273 | 5.91190978649e+53 | 1.64783307344e+54 |
| GRB150705588 | 0.771017632976 |  0.468567686784 |           55.25069 |                 53.82241 | 2.31639992734e+51 | 1.67526232316e+51 |
| GRB150629564 |  5.48406429214 |   1.58667913389 |           1908.741 |                  1178.45 | 9.70347990142e+53 | 1.78815265458e+54 |
| GRB150628767 |   2.0510303051 |   0.56046714941 |            218.643 |                 46.66534 | 2.85842383661e+52 | 1.14176514758e+52 |
| GRB150604434 |  1.33402320673 |  0.284524703778 |           348.0588 |                 115.8768 |  3.2913621314e+52 | 1.15185538184e+52 |
| GRB150522944 |  2.17003148321 |   1.17517486983 |           265.8552 |                 256.5118 | 2.98412239005e+52 | 4.16503145102e+52 |
| GRB150506972 |  3.72804690757 |    1.8499531529 |           642.3626 |                 589.5518 | 1.82551416902e+53 | 3.72475578045e+53 |
| GRB150506630 |  2.13903117631 |  0.414972160437 |           959.0771 |                 326.1658 | 1.71167686459e+53 | 8.36544601261e+52 |
| GRB150412931 |  4.35705313473 |   1.55682530374 |           1142.185 |                 790.5856 | 4.23471746996e+53 |  7.3498612583e+53 |
| GRB150214293 |  2.49303468095 |  0.930654322037 |           462.9161 |                 289.0205 | 7.96002264629e+52 | 8.16504923985e+52 |
| GRB150118927 | 0.681016741967 | 0.0774426227718 |           257.3183 |                 42.98204 | 1.62405507792e+52 |  1.9179745811e+51 |
| GRB150101641 | 0.727017197372 |  0.141356461857 |           23.09543 |                 4.745475 | 9.18882882978e+50 | 1.50313563621e+50 |
| GRB141230871 | 0.536015306453 |  0.280004548942 |           40.79625 |                 34.50876 | 1.29053543402e+51 | 6.71898313205e+50 |
| GRB141213300 |  1.19802186032 |  0.304317266251 |           195.2583 |                 66.56731 | 1.73688502955e+52 | 6.03316738025e+51 |
| GRB141202470 |  1.55302537485 |  0.234668181957 |           647.5989 |                 140.9063 | 8.68680528478e+52 | 2.26280975586e+52 |
| GRB141113346 |  1.80402785978 |  0.945656452155 |           234.8776 |                  217.768 | 2.02362674374e+52 | 2.36521407672e+52 |
| GRB141105406 |  1.39302379084 |  0.188342756905 |           322.9593 |                 53.56593 | 3.45153211505e+52 | 6.65923324445e+51 |
| GRB141011282 | 0.983019731797 |   0.13406353891 |           475.6797 |                 98.46963 | 4.13321066985e+52 | 7.42008614697e+51 |
| GRB140901821 |  0.80401795968 | 0.0515327188151 |           697.6152 |                  62.9287 | 6.31489876672e+52 |  4.4605588452e+51 |
| GRB140807500 |  1.68802671137 |  0.283595957912 |           826.8456 |                 234.3196 | 1.27065228132e+53 | 4.37887255817e+52 |
| GRB140710537 |  1.32102307803 |  0.744435917176 |           248.4266 |                 245.4092 | 1.55593160731e+52 | 1.55792034949e+52 |
| GRB140626843 |  1.71502697867 |  0.880232887137 |           246.9312 |                 199.8801 | 2.92075027302e+52 | 2.96363532912e+52 |
| GRB140605377 |  1.71002692917 |  0.257291488491 |           728.3437 |                 170.8517 | 1.08898692355e+53 | 3.20586135054e+52 |
| GRB140511095 |  1.57302557286 |  0.379731547021 |           315.4656 |                 107.2474 | 3.70842072769e+52 | 1.53363284051e+52 |
| GRB140428906 |  1.20202189992 |  0.338687089545 |           490.0442 |                 220.6209 | 4.33822117766e+52 | 1.90217994348e+52 |
| GRB140402007 |  3.80904770948 |  0.773644179733 |           1392.636 |                 489.5772 |  4.7112012976e+53 | 3.82726289336e+53 |
| GRB140105748 |  3.18304151202 |   1.49232647949 |           440.5833 |                 347.7609 | 1.00720409548e+53 | 1.59182234372e+53 |
| GRB140105065 |   1.9950297507 |  0.542355826894 |           420.6012 |                 173.1457 | 6.33192875113e+52 | 3.70577202363e+52 |
| GRB131217108 | 0.981019711997 |  0.305346248392 |           223.5437 |                 113.5455 |  1.1867013779e+52 | 5.13104604714e+51 |
| GRB131126163 | 0.734017266673 | 0.0826166638559 |           451.0256 |                  71.4245 | 3.30186739119e+52 | 3.88832144322e+51 |
| GRB130919173 | 0.701016939969 |  0.123649620871 |            86.7071 |                 20.06369 | 4.37540630249e+51 | 7.46100989355e+50 |
| GRB130912358 |  2.18403162182 |  0.518767448423 |           921.1737 |                 399.8341 | 1.80010627481e+53 | 1.12798765544e+53 |
| GRB130804023 | 0.801017929979 | 0.0521780040608 |           562.3654 |                 49.07794 | 4.83413896595e+52 | 3.33635091294e+51 |
| GRB130701761 |  1.57102555306 |  0.207834797121 |           838.2651 |                 178.6469 | 1.21545708868e+53 | 3.02827026479e+52 |
| GRB130628860 |  1.38802374134 |  0.147288891878 |           944.1827 |                 156.8917 |  1.2867125542e+53 | 2.30797457389e+52 |
| GRB130622615 |  1.87302854289 |  0.526541504582 |           302.7916 |                 112.2189 | 3.97335476441e+52 | 2.08443540735e+52 |
| GRB130515056 |  1.10202090991 |  0.130916717414 |           516.3757 |                 83.93607 | 5.25543369739e+52 | 8.18787403567e+51 |
| GRB130504314 |  1.30602292953 |   0.10967391945 |           1397.064 |                 180.0561 | 1.97459603767e+53 | 2.64858809571e+52 |
| GRB130416770 |  1.54402528575 |  0.155604928728 |           1137.856 |                 177.2284 | 1.74579814665e+53 | 3.17606441151e+52 |
| GRB130307126 |  2.81403785888 |  0.628014389902 |           1629.743 |                  702.325 | 4.02505175596e+53 | 3.01427896537e+53 |
| GRB121127914 |  1.55502539465 |  0.199489993204 |           1014.578 |                 205.6001 | 1.52401218552e+53 | 3.60357848489e+52 |
| GRB121112806 |  2.59603570066 |  0.572147910698 |           783.0216 |                 276.0405 | 1.66522585585e+53 | 1.01002299766e+53 |
| GRB121012724 |  1.74602728557 |  0.339431788974 |           650.8483 |                 195.3806 | 9.31758811691e+52 | 3.57472880566e+52 |
| GRB121004211 |  1.44802433534 |  0.854506028398 |            74.2396 |                 11.65135 | 5.82122943717e+51 | 2.37713761628e+51 |
| GRB120830297 |  1.93802918639 |  0.289719663462 |           919.7049 |                 218.8685 | 1.59629686718e+53 | 5.20401908574e+52 |
| GRB120817168 |  1.17602164252 |  0.123878695152 |           1068.719 |                  183.417 |  1.3422190448e+53 | 2.20061308325e+52 |
| GRB120811014 |  1.15902147421 |  0.108329733888 |           815.2886 |                 105.8287 | 9.48678855722e+52 | 1.21527205374e+52 |
| GRB120629565 |  1.65602639456 |  0.681894703322 |           141.7829 |                 80.19988 | 9.83222597764e+51 | 7.07998708143e+51 |
| GRB120624309 |    2.032030117 |  0.130013248047 |           4100.756 |                 445.3157 | 8.80589973632e+53 |  1.3332621817e+53 |
| GRB120619884 |  9.71910621906 |    3.0033922716 |           2972.371 |                 2130.581 | 1.83046834232e+54 | 6.44883665986e+54 |
| GRB120612687 |  1.27602263253 |  0.429439075938 |           367.0857 |                  201.617 | 2.89369947082e+52 | 1.60217105274e+52 |
| GRB120608489 |  2.38903365134 |  0.650692953344 |           570.2699 |                  258.122 | 1.06202664153e+53 |  7.6488129836e+52 |
| GRB120603439 |   7.0990802808 |    1.5249034564 |           882.4928 |                 418.0294 | 5.03828450846e+53 | 8.90492152215e+53 |
| GRB120524134 |  0.90701897939 |  0.350607281345 |           89.98893 |                 18.26899 | 5.72445234029e+51 | 1.39225808052e+51 |
| GRB120519721 |  1.31502301863 |  0.318026694745 |           379.9594 |                 140.7736 | 3.91404645048e+52 | 1.51707442611e+52 |
| GRB120222021 |  0.90601896949 |  0.165899381447 |           174.2524 |                 33.97369 | 1.25061685691e+52 | 2.21607577599e+51 |
| GRB120101354 |  1.47002455315 |  0.413365185536 |           185.1624 |                 48.75237 | 1.82254596792e+52 | 6.39107212949e+51 |
| GRB111222619 | 0.868018593286 | 0.0870614547262 |             787.53 |                 121.2393 | 7.60411962522e+52 | 9.39151249265e+51 |
| GRB111207512 |  2.40403379984 |  0.823817848739 |           225.0837 |                 79.76977 | 3.37489073293e+52 | 2.25877068157e+52 |
| GRB111117510 |  1.16202150392 |  0.201460845702 |             284.65 |                 71.11769 | 2.40602100817e+52 | 5.88241900114e+51 |
| GRB111112908 |  1.72902711727 |  0.249491262501 |           896.5158 |                 213.2003 | 1.39993837709e+53 | 4.14657382605e+52 |
| GRB111103948 |   7.1060803501 |   2.82499203025 |           2335.557 |                 2125.407 | 1.22813398367e+54 | 4.13037923133e+54 |
| GRB111024896 |  1.41102396904 |  0.596876609384 |           232.1194 |                 161.5316 | 1.68220433268e+52 | 1.26146594428e+52 |
| GRB111022854 |  2.38103357214 |   1.04058890678 |           471.1874 |                 352.0381 |  7.7053971731e+52 | 9.06000312613e+52 |
| GRB111011094 | 0.915019058591 |  0.178108617086 |           202.6508 |                 56.68982 | 1.36591598564e+52 | 3.21427924027e+51 |
| GRB111001804 |  1.43302418684 |  0.607096477865 |           170.6308 |                 116.4803 | 1.19772100506e+52 | 8.95505466713e+51 |
| GRB110916016 |  2.65103624516 |   1.04510643538 |           263.6794 |                 134.0241 | 4.46725289365e+52 | 4.27209203722e+52 |
| GRB110801335 | 0.541015355954 |  0.246873637692 |           54.93985 |                 38.26357 |  2.0214918594e+51 | 8.79754698938e+50 |
| GRB110728056 |  3.21804185852 |  0.979025928462 |           786.0388 |                 431.1666 | 2.02270230348e+53 | 2.19564796688e+53 |
| GRB110717180 | 0.870018613086 |  0.175644829049 |           260.9849 |                 82.03037 |  1.6790042974e+52 |   4.225541546e+51 |
| GRB110705151 |   1.0040199397 | 0.0832980983843 |           1007.631 |                 127.5936 | 1.10164732694e+53 | 1.22411922847e+52 |
| GRB110605780 |   2.0040298398 |  0.761673991726 |           253.0436 |                  133.645 | 3.46741044251e+52 | 2.68424242681e+52 |
| GRB110529034 |  2.19703175052 |  0.281511770912 |            2314.86 |                 548.3343 | 4.93953707023e+53 | 1.69158779252e+53 |
| GRB110517453 |  2.44503420574 |  0.802743012656 |           389.5851 |                 188.3293 | 6.76879128471e+52 | 5.50740129888e+52 |
| GRB110509475 | 0.560015544055 |  0.130812843764 |           60.74353 |                 20.53071 | 2.11041263444e+51 | 4.57846037007e+50 |
| GRB110424758 |  1.29102278103 |  0.680059147812 |           166.5335 |                 152.9204 | 9.25083963229e+51 | 8.48968533364e+51 |
| GRB110420946 |  1.39102377104 |   0.30990284602 |           345.1889 |                 104.8302 | 3.74332853069e+52 | 1.27850523402e+52 |
| GRB110409179 |  1.15102139501 |  0.239094542231 |           265.4813 |                 81.76193 | 2.10900142496e+52 | 6.26819089193e+51 |
| GRB110227009 |  2.13503113671 |  0.566590266557 |           148.3173 |                 44.70538 | 1.83369781798e+52 | 9.13734005868e+51 |
| GRB110213876 |   2.0000298002 |   1.07236945973 |           261.5485 |                 246.9086 | 2.23047272785e+52 | 2.87098760714e+52 |
| GRB110212550 |  1.13602124651 |  0.190134410262 |           300.5462 |                  72.1643 | 2.69260332954e+52 | 6.24035043447e+51 |
| GRB101216721 |   1.0080199793 | 0.0488161976074 |           169.6077 |                 10.38292 | 1.30079365899e+52 | 7.36471292601e+50 |
| GRB101208203 | 0.794017860679 |  0.265465289181 |           67.80181 |                 31.13188 | 2.81201935199e+51 |   1.009718281e+51 |
| GRB101204343 |  1.61202595896 |  0.532778162762 |           365.3169 |                 204.9543 | 3.52926401594e+52 | 2.32485735477e+52 |
| GRB101129726 |  2.94603916569 |    0.7825011742 |           1266.116 |                 650.8138 | 3.39211188728e+53 |  3.1432646782e+53 |
| GRB101129652 |  2.48203457205 |  0.402783627251 |           1261.806 |                 346.7715 | 2.87438144389e+53 | 1.28844574332e+53 |
| GRB101104810 |  2.33903315633 |  0.754135962373 |           648.6932 |                 346.7724 |  1.0865383364e+53 | 9.09481825548e+52 |
| GRB101031625 |  1.60202585996 |  0.429184216875 |           340.0269 |                 126.4178 | 4.11704576259e+52 | 1.89550451341e+52 |
| GRB101027230 |   2.0190299883 |  0.847229842132 |           257.9423 |                 175.1204 |  3.1923953373e+52 | 3.04873837039e+52 |
| GRB101026034 | 0.753017454775 |  0.231002465205 |           123.3296 |                 60.93035 | 5.71546334936e+51 | 2.06708391529e+51 |
| GRB100827455 |  1.38902375124 |  0.183982550544 |           814.1667 |                 169.3599 | 9.93603992775e+52 | 2.23045137086e+52 |
| GRB100811108 |  1.46202447394 |  0.176967043286 |           998.6711 |                 186.9153 | 1.37824914413e+53 | 2.89776464513e+52 |
| GRB100805300 | 0.883018741787 |  0.163052686652 |           205.7558 |                 46.49693 | 1.46221786852e+52 | 2.83719259292e+51 |
| GRB100629801 |   1.0430203258 |  0.179569421224 |           232.0026 |                 49.90794 | 1.91449256115e+52 | 3.90713152265e+51 |
| GRB100625773 | 0.958019484295 |   0.20083137171 |           328.4625 |                 101.6235 | 2.44699661676e+52 | 6.50694614681e+51 |
| GRB100616773 |  1.54802532535 |  0.449475261547 |           212.6343 |                 65.46827 |  2.2264491381e+52 | 9.05724673373e+51 |
| GRB100612545 |  1.30502291963 |  0.281963041733 |            505.342 |                 169.7767 |  4.5828948612e+52 | 1.59597713129e+52 |
| GRB100525744 |   1.0480203753 |  0.436318305606 |           154.8935 |                 106.8152 | 8.73875170571e+51 | 5.32566447191e+51 |
| GRB100516396 |  1.85702838448 |  0.502239204242 |           168.1065 |                 43.80614 |  1.5834811851e+52 | 6.50819251377e+51 |
| GRB100417166 |  2.14203120601 |  0.692445497311 |           300.4486 |                  142.418 | 4.51952628231e+52 | 3.25075601417e+52 |
| GRB100328141 |  1.41402399874 |  0.237056237805 |           491.7723 |                 111.0904 | 5.84669292726e+52 | 1.50799337779e+52 |
| GRB100301068 |  1.92902909729 |  0.470742131399 |           544.4701 |                 209.1449 | 8.41504561683e+52 | 4.42712884665e+52 |
| GRB100216422 |  2.17303151292 |  0.910805497055 |           509.7542 |                 382.3851 | 5.25037142906e+52 | 5.69627682702e+52 |
| GRB100208386 |  2.66303636396 |   1.01686269062 |           671.4008 |                  449.073 | 1.04239668656e+53 | 1.19137522608e+53 |
| GRB100206563 |  1.07602065251 |  0.147839773719 |           566.0923 |                 117.2836 | 5.26573934367e+52 | 1.00328134856e+52 |
| GRB100107074 | 0.878018692287 |  0.307712801352 |           127.8093 |                 70.96127 | 5.62046418891e+51 | 2.50213064821e+51 |
| GRB091223191 |   3.0400400963 |             0.0 |            472.271 |                      0.0 |   1.034281697e+53 |               0.0 |
| GRB091126333 |   1.0040199397 |  0.296857531406 |           173.5585 |                 81.55933 | 1.07706642657e+52 | 4.39788066827e+51 |
| GRB091019750 |  1.33202318693 |  0.376880435406 |           164.2713 |                 59.17525 | 1.40932686689e+52 | 5.65396853814e+51 |
| GRB091018957 |  1.54902533525 |  0.459876364196 |           340.3727 |                 153.3334 | 3.87704514632e+52 | 2.05544942882e+52 |
| GRB091012783 |  1.52002504815 |  0.206507702897 |           1049.711 |                 223.7932 | 1.56364677248e+53 | 3.83394450132e+52 |
| GRB090819607 |  1.64902632526 |   0.48000087854 |           342.2708 |                 159.5208 | 3.62082174337e+52 | 2.04666721971e+52 |
| GRB090802235 | 0.826018177482 |  0.101580441313 |            301.263 |                 46.58572 |  2.2992036402e+52 | 2.91017791126e+51 |
| GRB090717111 |  2.84703818558 |  0.735688930805 |           722.2843 |                 280.2056 | 1.62904101013e+53 |  1.1965830117e+53 |
| GRB090621922 | 0.983019731797 |  0.311470382671 |           188.1228 |                 93.98742 | 1.13706173043e+52 | 4.88127799032e+51 |
| GRB090617208 | 0.972019622896 |  0.139161748225 |           492.6412 |                  104.369 | 3.90548982897e+52 | 7.17067828342e+51 |
| GRB090429753 |  11.7171259995 |   1.76790968062 |            1852.24 |                  689.391 | 2.00944572188e+54 | 4.30662679817e+54 |
| GRB090412061 |  3.24404211592 |   1.46142169195 |           576.9313 |                 441.2123 |  1.3956067651e+53 | 2.16564161366e+53 |
| GRB090331681 |  3.09204061111 |  0.988495781474 |           921.3348 |                 554.2334 | 2.38816934995e+53 | 2.71622835547e+53 |
| GRB090328713 |  2.13103109711 |  0.499587632041 |           1203.962 |                 525.4483 | 1.93965575029e+53 | 1.19323138413e+53 |
| GRB090308734 |  2.45103426514 |  0.640119819519 |           1035.198 |                 501.1376 | 1.86037235672e+53 | 1.41718427364e+53 |
| GRB090305052 |  1.64002623616 |  0.442657308651 |           443.8923 |                 197.5876 | 4.40110180385e+52 | 2.34724112429e+52 |
| GRB090228204 | 0.523015177752 | 0.0215329755503 |           854.3635 |                 49.34895 | 6.46159122028e+52 | 2.33260380919e+51 |
| GRB090227772 | 0.783017751778 | 0.0263669336857 |           2029.799 |                 92.37897 | 2.14135035545e+53 | 7.58973522537e+51 |
| GRB090219074 | 0.516015108451 |  0.224603121054 |           70.20864 |                 46.75648 | 2.45536828972e+51 |  9.9903199572e+50 |
| GRB090120627 |  10.9391182972 |   3.05589169428 |           2541.313 |                 1546.245 | 2.56477688395e+54 | 8.72585640255e+54 |
| GRB090108020 | 0.792017840878 | 0.0907887179739 |           145.8965 |                 15.63359 | 9.24085923153e+51 | 8.61555794042e+50 |
| GRB081230871 |  2.27203249302 |             0.0 |           246.7687 |                      0.0 | 3.60983371606e+52 |               0.0 |
| GRB081229187 |  1.41702402844 |  0.512628795699 |           188.6971 |                 106.6297 | 1.43478660079e+52 | 8.88502546961e+51 |
| GRB081226509 |  1.48302468185 |  0.330966634953 |           284.8657 |                 88.83046 | 3.02365939781e+52 | 1.10170941921e+52 |
| GRB081223419 |  1.16102149401 |  0.172586605421 |            199.671 |                 37.60102 | 1.70728328347e+52 | 3.26182007551e+51 |
| GRB081216531 |  1.37802364234 |  0.124069427359 |           1402.423 |                  198.606 | 2.01774043479e+53 | 3.06537598645e+52 |
| GRB081209981 |  1.17102159302 |    0.1502978407 |           758.3737 |                 149.1564 | 8.17555470963e+52 | 1.55591209195e+52 |
| GRB081204517 |  1.54402528575 |  0.365841050409 |           363.4103 |                  116.025 | 4.32679759994e+52 | 1.68037993053e+52 |
| GRB081122614 |  1.61702600846 |  0.495618101719 |           176.5214 |                 72.46069 |  1.9041025195e+52 | 9.85440673478e+51 |
| GRB081119184 |  1.56102545405 |   0.52704944958 |           57.25549 |                 14.17326 | 4.51094349535e+51 | 1.72654281425e+51 |
| GRB081107321 |  0.70401696967 |  0.134251085851 |           58.49905 |                 13.02623 | 2.73982317122e+51 | 4.63977342185e+50 |
| GRB081105614 |  1.35702343443 |  0.282898567405 |           324.8822 |                 98.74878 | 3.04554427898e+52 | 1.00332582605e+52 |
| GRB081102365 |  2.68403657187 |   1.44459423101 |           463.6771 |                 450.1094 | 7.61719245005e+52 | 1.26078860129e+53 |
| GRB081101491 |  1.75702739447 |  0.570163613697 |            207.753 |                 90.30927 | 2.42351494415e+52 |  1.4130402342e+52 |
| GRB081024891 |  5.18106129241 |    2.3023957101 |           1495.904 |                 1432.638 | 4.63408036335e+53 | 1.25607318854e+54 |
| GRB081024245 |  2.29803275043 |  0.758855848341 |           596.1074 |                 312.9762 |  1.0755772502e+53 | 8.83055664796e+52 |
| GRB081012045 |  3.58504549185 |   1.52813386785 |           1182.131 |                 1020.841 | 2.03278093182e+53 | 3.67742939593e+53 |
| GRB080919790 |  2.18003158222 |   1.24980455945 |           161.9193 |                 107.4857 | 2.23127271247e+52 | 2.47209188974e+52 |
| GRB080831053 |  1.67502658267 |   0.53351595334 |           162.8083 |                 63.37424 | 1.63865107759e+52 | 8.50707631503e+51 |
| GRB080802386 |  1.58502569166 |  0.385329482606 |           370.6485 |                 123.8498 | 4.51689789661e+52 | 1.85998241727e+52 |
| GRB080725541 |  2.72803700747 |   1.13123298277 |           470.4988 |                 333.6057 | 9.70503557449e+52 | 1.20764174725e+53 |
