|    name |       pseudo z |   pseudo z_error | Epeak (siml) [keV] | Epeak_error (siml) [keV] |        Luminosity |  Luminosity_error |
| 170419B | 0.460014554046 |   0.011234167102 |      19.6719260501 |                      0.0 | 6.08253322892e+50 | 5.75201576247e+48 |
| 170419A |  1.14702135541 |  0.0350844033083 |      59.0541672218 |                      0.0 | 3.77564162629e+51 | 7.58263897749e+49 |
| 170331A |   3.9900495014 |   0.140375057413 |      338.489353265 |                      0.0 |  9.1036239536e+52 | 3.14739525542e+51 |
| 170330A |  2.12703105751 |  0.0242771386996 |      377.828577269 |                      0.0 | 5.86811810028e+52 | 5.59907175864e+50 |
| 170318B |  12.3211319791 |   0.249409379305 |      298.597369792 |                      0.0 | 2.60821487437e+53 | 6.00159798042e+51 |
| 170318A |  2.77403746287 |  0.0995316259485 |      193.618517953 |                      0.0 | 3.25176912133e+52 | 1.05396569988e+51 |
| 170317A | 0.348013445234 | 0.00918037836449 |      16.8763152231 |                      0.0 | 4.56468205072e+50 | 3.82057537563e+48 |
| 170311A |  6.79107723157 |  0.0957331199592 |      566.905640652 |                      0.0 | 2.96657132602e+53 | 4.47993157687e+51 |
| 170307A |   1.0420203159 |  0.0529999930763 |      47.8974037325 |                      0.0 | 2.74657272409e+51 | 8.76110206959e+49 |
| 170306A |   1.9890296913 |    0.10895620793 |      124.132224064 |                      0.0 | 1.41267437908e+52 |  6.3287173851e+50 |
| 170208B | 0.335013316533 | 0.00246965412075 |      32.3379996242 |                      0.0 | 1.00194818036e+51 | 2.27796831937e+48 |
| 170208A |  6.66807601386 |  0.0428635236145 |      2601.28885791 |                      0.0 | 1.89231101556e+54 | 1.30000750802e+52 |
| 170206B |  5.70606648996 |   0.202844383498 |      242.971293314 |                      0.0 | 8.71093204991e+52 | 3.23825944536e+51 |
| 170205A |   2.0680304734 |  0.0251161739186 |      348.693825788 |                      0.0 | 5.19394875628e+52 | 5.22568655112e+50 |
| 170203A |  1.14902137521 |   0.065855661299 |      35.5136769007 |                      0.0 | 2.02283509505e+51 |  7.6184170382e+49 |
| 170127A |  12.5271340185 |   0.163393692148 |       753.34452016 |                      0.0 | 8.28969020184e+53 | 1.23060783897e+52 |
| 170115A |   7.1090803798 |   0.187692816667 |      197.957159702 |                      0.0 | 8.55112075822e+52 |  2.4324894696e+51 |
| 170111A |  1.72802710737 |  0.0737329418468 |      74.0323688056 |                      0.0 | 6.69244837311e+51 | 2.22305287841e+50 |
| 170101A | 0.329013257133 | 0.00375565011452 |        143.2486037 |                      0.0 | 6.22023167981e+51 | 2.16030094744e+49 |
| 161224A |  2.20303180992 |    0.13845862631 |      97.8136946592 |                      0.0 | 1.14810874048e+52 | 6.09949209623e+50 |
| 161220A |  3.94604906579 |  0.0841896954638 |       163.22475759 |                      0.0 | 3.67383673301e+52 | 7.68550223629e+50 |
| 161218A |  1.15002138511 | 0.00748770739407 |       439.76242319 |                      0.0 | 4.46033480819e+52 | 1.90908571273e+50 |
| 161217A |  10.5991149311 |  0.0720424032397 |      696.809491465 |                      0.0 | 6.23431730699e+53 | 4.75887311871e+51 |
| 161117B |  1.41702402844 |  0.0149346451454 |        254.4124973 |                      0.0 | 2.63024846473e+52 | 1.99738874692e+50 |
| 161113A |  2.70403676987 |  0.0564800822717 |      211.127222537 |                      0.0 | 3.53341547928e+52 | 6.62165609886e+50 |
| 161105A |  1.26802255333 |  0.0399898398536 |      65.4368889943 |                      0.0 | 4.58026208088e+51 | 9.92531977506e+49 |
| 161022A |  1.48902474125 |  0.0767633596582 |      93.8125995248 |                      0.0 | 7.99800884466e+51 | 3.03150663688e+50 |
| 161011A |  11.6091249302 |  0.0882907918979 |      1594.95842385 |                      0.0 | 1.91122590348e+54 | 1.64472907654e+52 |
| 161007A |  1.93702917649 |  0.0875052077283 |      45.6707591504 |                      0.0 | 4.04572911515e+51 | 1.48140676325e+50 |
| 160827A |  3.77104733327 |   0.119955983644 |      200.062725754 |                      0.0 | 4.51469073997e+52 | 1.39504456081e+51 |
| 160826A |  12.4501332562 |  0.0616741602797 |      940.880865446 |                      0.0 | 1.08178975247e+54 | 6.09637121807e+51 |
| 160824A | 0.701016939969 |   0.028786621826 |      23.8027885148 |                      0.0 | 9.28973189703e+50 | 1.93213348456e+49 |
| 160801A |  2.26003237422 |  0.0621359159335 |      141.492245848 |                      0.0 | 1.84679743196e+52 | 4.32605400299e+50 |
| 160716A |  4.68905642156 |   0.104839213391 |       312.93340809 |                      0.0 | 9.71048519702e+52 | 2.19925873851e+51 |
| 160709A |  1.15702145441 |  0.0391965920561 |      96.5623179839 |                      0.0 | 6.95162730302e+51 |  1.5525021396e+50 |
| 160705B |  4.11505073891 |   0.168568231051 |      174.142855133 |                      0.0 |  4.1468104645e+52 | 1.67954580295e+51 |
| 160703A |  1.12802116731 |  0.0134669432418 |      172.828570328 |                      0.0 | 1.39779130969e+52 | 1.08714458032e+50 |
| 160630A |  2.31103287913 |  0.0626474679498 |      146.453218231 |                      0.0 | 1.96326047887e+52 | 4.56530540984e+50 |
| 160625A |  1.60902592926 |  0.0213355578271 |      176.563425784 |                      0.0 | 1.84312784568e+52 | 1.85239222808e+50 |
| 160611A |  2.60003574026 |  0.0586320319002 |      265.703466635 |                      0.0 | 4.52743037692e+52 | 9.06216146469e+50 |
| 160607A | 0.988019781298 | 0.00547562116754 |      411.120221729 |                      0.0 | 3.72780454385e+52 | 1.26187898717e+50 |
| 160506A |   2.0470302655 |   0.268851893192 |      49.7122306884 |                      0.0 |  4.6993756087e+51 | 5.09598771464e+50 |
| 160504A |  4.59705551076 |  0.0600034058397 |      272.138256389 |                      0.0 | 8.01644492727e+52 | 1.05620929228e+51 |
| 160501A |   5.0680601737 |   0.166194484042 |      241.284932285 |                      0.0 | 7.63562889365e+52 | 2.57017930485e+51 |
| 160419A | 0.462014573846 |   0.010640256649 |      57.5048811815 |                      0.0 | 2.27934702481e+51 | 2.03874418349e+49 |
| 160417A |  5.36906315363 |   0.123392213894 |      464.737330495 |                      0.0 | 1.81366957488e+53 | 4.31839387874e+51 |
| 160412A |  2.51903493835 |  0.0483835341276 |      211.210308961 |                      0.0 | 3.31840678744e+52 | 5.60732224344e+50 |
| 160321A |  7.80808729997 |  0.0716139119359 |       488.37690155 |                      0.0 | 2.87193829266e+53 | 2.86974147628e+51 |
| 160313A |    3.073040423 |   0.101967484788 |      92.6513788296 |                      0.0 | 1.44324180955e+52 | 4.44052143633e+50 |
| 160303A |  4.67105624336 |  0.0419496396936 |      372.921496145 |                      0.0 | 1.20016722287e+53 | 1.09108334189e+51 |
| 160228A |  6.79107723157 |  0.0319110399885 |      788.369158689 |                      0.0 | 4.44985698902e+53 | 2.23996578858e+51 |
| 160225A |  1.28702274143 |   0.056487189932 |      50.9166525841 |                      0.0 | 3.40186497639e+51 | 1.03263880753e+50 |
| 160220B | 0.563015573756 | 0.00959325268928 |      62.4786859276 |                      0.0 | 2.73637743171e+51 | 2.06409870592e+49 |
| 160216A |  1.61902602826 |  0.0219906395189 |      367.565875732 |                      0.0 | 4.55972926946e+52 |  4.7053180606e+50 |
| 160127A |  2.35503331473 |  0.0810912861736 |       170.83939862 |                      0.0 | 2.41216937655e+52 | 7.16534381937e+50 |
| 160123A |  3.79304755108 |  0.0646186108017 |      334.147966373 |                      0.0 | 8.52547573979e+52 | 1.41259083876e+51 |
| 160119A |  1.41402399874 |  0.0205748175126 |      140.316882171 |                      0.0 | 1.26418282444e+52 | 1.32420790811e+50 |
| 160117A |  2.70803680947 |  0.0565034187757 |      211.617243014 |                      0.0 | 3.54795733586e+52 | 6.64447942377e+50 |
| 151210A |  3.30104268023 |   0.103320127484 |       181.77138448 |                      0.0 | 3.53182081815e+52 |  1.0427056486e+51 |
| 151118A |  1.08902078121 |  0.0212126430482 |      45.3453536479 |                      0.0 | 2.63929624507e+51 |  3.2937607236e+49 |
| 151114A |  2.18703165152 |  0.0507838726959 |      275.763661461 |                      0.0 | 4.07983872415e+52 | 7.98977075249e+50 |
| 151023A |    4.014049739 |  0.0765827801593 |      318.240898274 |                      0.0 | 8.49065297458e+52 | 1.59380602564e+51 |
| 151022A |  2.64803621546 |  0.0982511251086 |       129.68353513 |                      0.0 | 1.90514565338e+52 | 6.30606522401e+50 |
| 151004A |   5.0510600054 |   0.103923795387 |      200.097885433 |                      0.0 | 6.04787980856e+52 | 1.27655218738e+51 |
| 151001B |  1.80602787958 |   0.203368953664 |      49.1510811713 |                      0.0 | 4.18634564534e+51 | 3.72889056865e+50 |
| 150925A |  2.66603639366 |   0.131258663395 |      103.697307357 |                      0.0 | 1.45596669316e+52 | 6.40670207034e+50 |
| 150911A |  1.48202467195 |  0.0176688427345 |      242.941076072 |                      0.0 | 2.56705795802e+52 | 2.24589561932e+50 |
| 150907B |  1.68302666187 |  0.0654947992777 |      77.3895078063 |                      0.0 | 6.92836600051e+51 |  2.0785694113e+50 |
| 150819A |  11.9741285438 |  0.0856141389363 |       691.43899825 |                      0.0 | 7.08723004829e+53 |  5.7477214054e+51 |
| 150811A |  2.38503361174 |   0.152041301954 |      75.3840209009 |                      0.0 | 8.91986939697e+51 | 4.92389715129e+50 |
| 150801B |  1.43502420664 |  0.0240659785738 |      127.314125528 |                      0.0 | 1.13315058294e+52 | 1.37638443348e+50 |
| 150724A |  2.71403686887 |  0.0879483877567 |       148.21921796 |                      0.0 | 2.29490056494e+52 |  6.6787844546e+50 |
| 150722A |  8.55909473495 |  0.0847375149509 |      476.655232269 |                      0.0 | 3.08239110442e+53 | 3.35813834219e+51 |
| 150720A |  3.91804878859 |   0.140271860924 |      106.518628552 |                      0.0 |  2.1595555557e+52 | 7.56996706021e+50 |
| 150716A |  5.47606421294 |  0.0512027323782 |      399.872571785 |                      0.0 | 1.53931195781e+53 | 1.49575518478e+51 |
| 150710B | 0.747017395374 | 0.00708823180529 |      119.342526748 |                      0.0 | 6.95869246921e+51 | 3.46992596833e+49 |
| 150626B |  1.78202764198 |   0.112264653791 |      55.8122275933 |                      0.0 | 4.84602959693e+51 | 2.40336396763e+50 |
| 150626A |  11.4721235739 |   0.200955988281 |       806.39396613 |                      0.0 | 8.15569798745e+53 | 1.61500386139e+52 |
| 150616A |  1.72902711727 |  0.0457782966816 |      191.963235952 |                      0.0 |   2.159805093e+52 | 4.45264654823e+50 |
| 150615A |  2.76503737377 |   0.132593930813 |      109.617296182 |                      0.0 | 1.61124151747e+52 | 6.97375813374e+50 |
| 150428B |  2.95403924489 |  0.0866519239894 |      241.707373823 |                      0.0 | 4.52167695606e+52 |  1.2178355547e+51 |
| 150428A |  4.35405310503 |  0.0701995250276 |      816.921050628 |                      0.0 | 2.93133411413e+53 | 4.72355203923e+51 |
| 150424A |   1.0370202664 | 0.00821837027955 |      273.171521554 |                      0.0 | 2.32509921088e+52 | 1.15287899441e+50 |
| 150318A |  1.31602302853 |  0.0520357703827 |      57.0012335306 |                      0.0 | 3.96775508125e+51 | 1.09560966477e+50 |
| 150317A |  2.62903602736 |  0.0653625615917 |      178.350513572 |                      0.0 | 2.80122946233e+52 | 6.20066620131e+50 |
| 150302A |  3.67504638286 |   0.104738318576 |      121.944964897 |                      0.0 | 2.39620940469e+52 | 6.59775713267e+50 |
| 150222A |  2.17203150302 |  0.0234380032126 |      404.365661885 |                      0.0 | 6.48906537738e+52 | 5.89273824475e+50 |
| 150213B |  1.88602867159 |    0.12576186316 |       99.826439231 |                      0.0 | 1.03515738711e+52 | 5.54378769359e+50 |
| 150212A | 0.865018563586 |  0.0229354285668 |      45.6073010158 |                      0.0 |  2.3105633034e+51 | 3.49215454542e+49 |
| 150202A |  4.18705145171 |  0.0842916355999 |      314.488930043 |                      0.0 | 8.72108605318e+52 | 1.74175224824e+51 |
| 150120B |  2.74403716587 |   0.066160840523 |       190.49532783 |                      0.0 | 3.15483880015e+52 | 6.85156715946e+50 |
| 150103A |  2.89703868059 |   0.161010573234 |      101.526593386 |                      0.0 | 1.52922154268e+52 | 7.76500911867e+50 |
| 141212B |  1.38802374134 |  0.0227075848256 |      173.517724146 |                      0.0 | 1.61875715954e+52 |  1.8917593545e+50 |
| 141130A |  1.89602877059 |  0.0577795345681 |      107.999945896 |                      0.0 | 1.14550754398e+52 | 2.80880121073e+50 |
| 141109B |  10.1791107731 |  0.0745711554398 |      647.525035276 |                      0.0 | 5.44409905937e+53 | 4.46315032303e+51 |
| 141031B |  3.88604847178 |    0.14021461407 |      105.172336092 |                      0.0 | 2.10918922016e+52 | 7.43880091503e+50 |
| 141020A |  2.16303141391 |   0.104741940704 |      85.3387793865 |                      0.0 | 9.55566495498e+51 | 3.88892804854e+50 |
| 141017A |  1.33002316713 |  0.0128948149851 |      252.097702167 |                      0.0 | 2.48496392062e+52 | 1.69015621419e+50 |
| 141015A |  2.79203764108 |  0.0797612858325 |      95.9409204906 |                      0.0 |  1.3795319659e+52 | 3.56617916266e+50 |
| 140927A |  1.47402459275 |  0.0678551214365 |      57.7829137955 |                      0.0 |  4.3796599169e+51 | 1.47628732549e+50 |
| 140916A |  5.17606124291 |   0.127411822266 |      542.775140747 |                      0.0 | 2.11371322051e+53 | 5.35915206039e+51 |
| 140824A |   5.0400598965 |  0.0693047919615 |      487.602958585 |                      0.0 | 1.80266415486e+53 | 2.54207713778e+51 |
| 140730A |  1.60902592926 |  0.0640066734854 |       41.070449631 |                      0.0 | 3.07187974279e+51 | 9.26196114101e+49 |
| 140719B |  2.48403459185 |   0.110094301885 |       105.50069395 |                      0.0 | 1.39680078673e+52 |  5.4246127132e+50 |
| 140719A |  13.1721404041 |   0.116011817694 |      596.636724046 |                      0.0 | 6.59059383142e+53 | 6.63045322453e+51 |
| 140628A | 0.748017405274 |  0.0140214319105 |      49.4424867686 |                      0.0 | 2.35544039619e+51 | 2.32204491819e+49 |
| 140626A |  1.73902721627 |  0.0475475429277 |      60.9545447473 |                      0.0 |  5.2946258399e+51 | 1.12958492886e+50 |
| 140619A |  1.49902484025 |  0.0133991262556 |      223.884756797 |                      0.0 | 2.34064359938e+52 | 1.54238601803e+50 |
| 140614B |  2.91003880929 |   0.161183398212 |      102.202239749 |                      0.0 | 1.54848211149e+52 | 7.84507888993e+50 |
| 140607A |  4.57605530285 |   0.186737631351 |      331.488341202 |                      0.0 | 1.01694312318e+53 | 4.18555757298e+51 |
| 140529A | 0.433014286743 | 0.00781261692815 |      63.7309578073 |                      0.0 |  2.5198019215e+51 | 1.68835705045e+49 |
| 140509A |  2.41603391864 |  0.0954475481429 |       198.09511118 |                      0.0 | 2.95759184541e+52 | 1.01562346316e+51 |
| 140413A |  3.40104367024 |  0.0902529395624 |      449.266220223 |                      0.0 | 1.10497848962e+53 |  2.7849114106e+51 |
| 140412A |  4.43805393664 |  0.0765259746645 |       372.10426322 |                      0.0 | 1.13642912787e+53 | 1.96543913089e+51 |
| 140408A |  10.0971099613 |  0.0750713787168 |      1559.86689865 |                      0.0 | 1.58975571063e+54 | 1.32174226959e+52 |
| 140331A |  8.48809403204 |   0.142900998334 |      381.860476982 |                      0.0 | 2.32554334604e+53 | 4.30459804797e+51 |
| 140305A |  2.91103881919 |  0.0805982953357 |      179.759184996 |                      0.0 | 3.09994085891e+52 |  7.8512538831e+50 |
| 140215A | 0.718017108271 |  0.0168772118328 |      107.526293089 |                      0.0 | 5.99520188296e+51 | 7.23817221985e+49 |
| 140211A |  2.93703907659 |   0.115381806717 |      136.325916865 |                      0.0 | 2.22460849882e+52 | 8.01259302611e+50 |
| 140129A |  1.27602263253 |  0.0624419293202 |      46.0817702569 |                      0.0 | 2.99345160255e+51 | 1.00930833768e+50 |
| 140118A |  1.47702462245 |  0.0482669428883 |      106.544207125 |                      0.0 | 9.29593487665e+51 | 2.22620126066e+50 |
| 140103A |   1.0330202268 |   0.035131907618 |      65.7674957499 |                      0.0 | 4.02846755286e+51 | 8.55562587846e+49 |
| 131226A |  1.46502450365 |  0.0117044503326 |       419.36704382 |                      0.0 |  4.9794318801e+52 |  2.9057715055e+50 |
| 131205A |  3.23004197732 |  0.0686279134187 |      139.121807077 |                      0.0 |  2.4910101335e+52 | 4.96687802278e+50 |
| 131127A |  3.45404419494 |  0.0640074911362 |      289.220490553 |                      0.0 | 6.52583988892e+52 | 1.15256275123e+51 |
| 131120A |  4.49605451085 |   0.168247631951 |      199.878969698 |                      0.0 | 5.36535719873e+52 | 2.01859155576e+51 |
| 131024B |  9.89110792188 |   0.305346811191 |      199.042024946 |                      0.0 | 1.23701732338e+53 | 4.26234885362e+51 |
| 131024A |  2.85003821528 |   0.133637507375 |      65.3250074494 |                      0.0 | 8.76560439229e+51 | 3.73935825458e+50 |
| 131018A |  2.38803364144 |  0.0760537094372 |      75.5204062028 |                      0.0 | 8.95075636784e+51 | 2.46935941578e+50 |
| 131002B |  7.40208328053 |  0.0613704875387 |      517.688134786 |                      0.0 | 2.91141730777e+53 | 2.61353869135e+51 |
| 131002A |  4.80305755018 |  0.0321826864099 |      482.329903057 |                      0.0 | 1.69359008794e+53 | 1.15431835635e+51 |
| 131001A | 0.818018098281 |  0.0203724484948 |      53.2075750062 |                      0.0 | 2.71111708806e+51 | 3.73374955156e+49 |
| 130929A |  1.39402380074 |  0.0522225274347 |      88.8837332235 |                      0.0 |  7.1369539317e+51 | 1.91334902459e+50 |
| 130919A |   4.0900504914 |  0.0842770581026 |      172.516009407 |                      0.0 | 4.07433102654e+52 | 8.29078152061e+50 |
| 130831B |  1.34002326613 |  0.0602603929976 |      110.665014053 |                      0.0 | 9.07867039605e+51 | 2.87333270578e+50 |
| 130829A |  3.98204942219 |  0.0701826554802 |      192.007493752 |                      0.0 | 4.52553847895e+52 | 7.83508856231e+50 |
| 130816B |  8.53309447754 |  0.0377349187869 |      917.258998315 |                      0.0 | 6.86764337857e+53 | 3.34094357207e+51 |
| 130816A |  1.70102684007 |  0.0438962077147 |      109.502452139 |                      0.0 | 1.06929338596e+52 | 2.13573254625e+50 |
| 130812A |  1.16302151382 |   0.018959888407 |      100.337606454 |                      0.0 | 7.30696286297e+51 | 7.87161275546e+49 |
| 130806A |  3.51504479885 |  0.0320749604372 |      297.100005917 |                      0.0 | 6.85895713587e+52 |  5.9884446148e+50 |
| 130725B |  1.37002356314 |  0.0266356529229 |      106.695046046 |                      0.0 | 8.82224308614e+51 | 1.21854503999e+50 |
| 130725A |  3.77104733327 |   0.139948647585 |      176.496952047 |                      0.0 | 3.86973491997e+52 | 1.39504456081e+51 |
| 130719A |  9.23610143731 |   0.107241163304 |      757.153111276 |                      0.0 | 5.92159913181e+53 |  7.6246133003e+51 |
| 130627B |  3.72804690757 |   0.104868087791 |       219.15688486 |                      0.0 | 4.99285385452e+52 | 1.36101311228e+51 |
| 130625A |   1.9910297111 |  0.0590435819569 |      116.484953681 |                      0.0 | 1.30756533319e+52 | 3.17224886237e+50 |
| 130615A |   5.0420599163 |   0.118801303699 |      314.699888577 |                      0.0 | 1.05279265519e+53 | 2.54408084563e+51 |
| 130608A |  4.26405221402 |   0.210698293697 |      213.483419803 |                      0.0 | 5.51695108042e+52 | 2.71388753373e+51 |
| 130605A |  0.50601500945 |  0.0319427938642 |      35.5729416716 |                      0.0 | 1.30913798298e+51 | 3.41256478659e+49 |
| 130603A |  6.40707342993 |  0.0489519967503 |      515.262609713 |                      0.0 | 2.47897599131e+53 | 2.01348298935e+51 |
| 130529A |  2.60503578976 |  0.0782212182173 |      86.2810637306 |                      0.0 | 1.13789572937e+52 | 3.03437565341e+50 |
| 130527A |  1.24102228602 |  0.0192452334894 |      552.322544992 |                      0.0 | 6.21518478005e+52 | 6.55968427575e+50 |
| 130521A |  1.53602520655 |  0.0328711528854 |      113.235267044 |                      0.0 | 1.03150002313e+52 | 1.64316999296e+50 |
| 130508A |  4.15805116461 |   0.120415520009 |      232.729945815 |                      0.0 | 5.98298267815e+52 | 1.71658948575e+51 |
| 130504A |  2.38803364144 |  0.0845041215913 |      121.812332835 |                      0.0 | 1.61113614621e+52 | 4.93871883124e+50 |
| 130419A |  7.54308467645 |   0.243147696983 |       304.02246775 |                      0.0 | 1.54483519353e+53 | 5.40367831272e+51 |
| 130327A |  2.17603154262 |  0.0816577738815 |       105.66346274 |                      0.0 | 1.24884362588e+52 | 3.94614167835e+50 |
| 130315A |  1.10902097921 |  0.0515101896422 |       40.249964072 |                      0.0 | 2.30585280722e+51 | 6.92142811518e+49 |
| 130211A |  3.16404132391 |   0.117206850578 |      152.790769245 |                      0.0 | 2.74180503906e+52 | 9.48476158574e+50 |
| 130206A |  9.38710293223 |   0.211943534007 |      443.335674518 |                      0.0 |  3.1225182193e+53 | 7.83037570563e+51 |
| 130131A |  3.23404201692 |  0.0588366756953 |      157.975620726 |                      0.0 | 2.91635018042e+52 |  4.9806327154e+50 |
| 130122A |  3.21704184862 |   0.102868515287 |      99.3934387292 |                      0.0 | 1.64187827687e+52 | 4.92229230911e+50 |
| 130102A |  4.71405666907 |   0.104788977148 |      179.523621324 |                      0.0 | 4.93176007524e+52 | 1.11153945103e+51 |
| 121217A |   4.0020496202 |   0.023398147266 |      472.901814016 |                      0.0 | 1.37742592188e+53 | 7.91869487742e+50 |
| 121212A |  8.30309220052 |  0.0493555633387 |      713.268105073 |                      0.0 | 4.89202168431e+53 |  3.1896941685e+51 |
| 121209A |  1.15502143461 |  0.0233196200367 |      116.155795442 |                      0.0 | 8.71451686221e+51 | 1.15895099633e+50 |
| 121202A |  1.76502747367 |  0.0558739345663 |      96.7015516752 |                      0.0 | 9.44553116862e+51 | 2.34578428406e+50 |
| 121117A |  3.86104822428 |  0.0382267903049 |       299.70601489 |                      0.0 | 7.59149950232e+52 | 7.33698034173e+50 |
| 121108A |  2.08203061201 |  0.0451254463113 |      157.628331912 |                      0.0 | 1.96842672623e+52 | 3.54205824366e+50 |
| 121102A |   2.0580303744 |  0.0312411752011 |      208.016477552 |                      0.0 | 2.74178609089e+52 |  3.4424767787e+50 |
| 121028A |  3.62404587796 |  0.0660617369236 |      424.050539506 |                      0.0 | 1.09364736095e+53 |  1.9202467822e+51 |
| 121017A | 0.845018365584 |  0.0259783963693 |      68.7210724596 |                      0.0 | 3.78084745724e+51 | 6.54263486698e+49 |
| 121014A |  4.57505529295 |   0.280110655335 |      135.533442227 |                      0.0 | 3.38763977182e+52 | 2.09184526511e+51 |
| 121011A |  2.75703729457 |  0.0993681767978 |      191.864095275 |                      0.0 | 3.19660014236e+52 | 1.03906331671e+51 |
| 121001A |  7.71308635946 |  0.0720926884289 |      478.372313962 |                      0.0 | 2.76262323473e+53 | 2.80926524056e+51 |
| 120927A |  1.62302606786 |   0.040184144663 |       107.32019066 |                      0.0 | 1.00599882189e+52 | 1.89409377587e+50 |
| 120923A |  3.41604381874 |  0.0692369673903 |      151.590474159 |                      0.0 | 2.91877486353e+52 | 5.62415321792e+50 |
| 120918A | 0.984019741697 |  0.0264541276712 |      113.095445616 |                      0.0 | 7.61500413053e+51 | 1.24787039682e+50 |
| 120819A |  4.66405617406 |   0.157331059163 |      310.282346587 |                      0.0 | 9.55912512149e+52 | 3.26329956901e+51 |
| 120817A |  1.64902632526 |  0.0405133797858 |      62.5404086015 |                      0.0 | 5.24817342019e+51 | 9.86443604198e+49 |
| 120816A |  2.17003148321 |  0.0873958933181 |      209.554222865 |                      0.0 | 2.89208841915e+52 | 9.79920627473e+50 |
| 120811A |  3.95904919449 |  0.0421004739561 |      288.309684174 |                      0.0 | 7.41764408937e+52 | 7.73938484435e+50 |
| 120807A |  2.24003217622 |  0.0412860808033 |      110.453029279 |                      0.0 | 1.35180593943e+52 | 2.11699858743e+50 |
| 120803B | 0.853018444784 |  0.0287671641894 |      36.7498677151 |                      0.0 | 1.76030995359e+51 |  3.3586004157e+49 |
| 120803A |  11.8431272469 |   0.129849844518 |      855.943513494 |                      0.0 | 9.09771220397e+53 | 1.13045876538e+52 |
| 120714A |  4.13105089731 |  0.0842874169707 |      428.273126763 |                      0.0 | 1.25809907707e+53 | 2.53993819455e+51 |
| 120711B |  7.74708669607 |  0.0899019363162 |      401.874435724 |                      0.0 | 2.24110885108e+53 | 2.83087340487e+51 |
| 120701A |  1.37102357304 |  0.0366394403353 |      82.4376705136 |                      0.0 | 6.42853855941e+51 | 1.22089157137e+50 |
| 120612A |  7.42408349833 |   0.147071464265 |      448.529255397 |                      0.0 |  2.4489312566e+53 | 5.25453429216e+51 |
| 120521B |  5.63906582666 |  0.0904168153972 |      461.239549539 |                      0.0 | 1.89138186051e+53 | 3.16572608153e+51 |
| 120514A |  2.85703828458 |  0.0422271674066 |      294.437100945 |                      0.0 | 5.58969230141e+52 | 7.52103803428e+50 |
| 120328A |  2.27803255243 |   0.053416313345 |      92.3727097958 |                      0.0 | 1.10096163554e+52 | 2.20487877803e+50 |
| 120324A |  1.69502678067 |  0.0111403966504 |      331.901571143 |                      0.0 | 4.16625857521e+52 | 2.11658479684e+50 |
| 120320A |  5.60806551976 |   0.162965483783 |      283.413327011 |                      0.0 | 1.03346680472e+53 |  3.1323458259e+51 |
| 120311B |  1.72702709747 |  0.0442271670927 |      112.053746284 |                      0.0 | 1.11367732062e+52 | 2.21978507611e+50 |
| 120311A |  2.64803621546 |  0.0245627812771 |      400.645164518 |                      0.0 | 7.62058261352e+52 | 6.30606522401e+50 |
| 120308A |   1.0570204644 | 0.00416105485935 |      160.109933587 |                      0.0 | 1.22146161924e+52 | 3.03666257629e+49 |
| 120224A |  1.23802225632 |  0.0613110492166 |      43.9844019709 |                      0.0 | 2.76533204378e+51 | 9.31051097091e+49 |
| 120219A |  2.65503628476 |    0.13110204509 |      58.6080440711 |                      0.0 | 7.19680243184e+51 | 3.17255556432e+50 |
| 120218A | 0.900018910089 |  0.0295391423338 |      173.890812721 |                      0.0 | 1.22464966368e+52 | 2.33993454246e+50 |
| 120215A | 0.916019068491 |  0.0377920458468 |      19.5546444833 |                      0.0 | 8.44724719647e+50 | 2.04770627961e+49 |
| 120213A |  3.61404577896 |  0.0246043162235 |       385.79540508 |                      0.0 | 9.70838019579e+52 | 6.36250387023e+50 |
| 120211A |  1.65102634506 |   0.129723003106 |      42.7539509745 |                      0.0 | 3.29075486332e+51 | 1.97902082906e+50 |
| 120121A |  4.13505093691 |   0.120411564736 |      230.691541625 |                      0.0 |  5.8876075888e+52 | 1.69673564433e+51 |
| 120116A |  1.21802205832 |  0.0199876734542 |      147.049154342 |                      0.0 | 1.20718513205e+52 |  1.3369714875e+50 |
| 120106A |  6.22307160832 |  0.0527419078601 |      819.470233844 |                      0.0 | 4.25110008557e+53 | 3.81493487126e+51 |
| 111215A |  7.59208516155 |   0.145399185895 |      465.775850155 |                      0.0 |  2.6278837015e+53 | 5.46539337697e+51 |
| 111210A |  2.59903573036 |  0.0390834907124 |      151.124833565 |                      0.0 | 2.26130509428e+52 | 3.01799302149e+50 |
| 111204A |  3.14304111601 |   0.273136235912 |      75.8950727894 |                      0.0 | 1.15322502365e+52 | 9.34385342612e+50 |
| 111129A |  4.95205902529 |  0.0926332508613 |      375.190956644 |                      0.0 | 1.28323290649e+53 | 2.45446614867e+51 |
| 111121A |  1.62502608766 |  0.0135920114574 |      361.149128199 |                      0.0 | 4.47882439237e+52 | 2.85013890113e+50 |
| 111109A |  7.44608371614 |  0.0734267214367 |      450.789161472 |                      0.0 | 2.47183819412e+53 | 2.64101383762e+51 |
| 111103B |  1.10302091981 |  0.0106939858169 |      198.909466603 |                      0.0 | 1.63697849343e+52 | 1.02303588451e+50 |
| 111029A |  2.76303735397 |  0.0530273010267 |      230.833388219 |                      0.0 | 4.01999895711e+52 | 6.96207691545e+50 |
| 111026A |  1.51802502835 |  0.0282088483918 |      71.2891896384 |                      0.0 | 5.78760648331e+51 | 7.96849292797e+49 |
| 111022B |  1.27502262263 |   0.210642405787 |      23.8183924559 |                      0.0 | 1.32768815448e+51 |   1.510803736e+50 |
| 111022A |   2.0410302061 |  0.0286421942861 |      219.853343859 |                      0.0 |  2.9137790758e+52 | 3.37282692013e+50 |
| 111018A |  4.68205635226 |    0.10485290871 |      177.626458804 |                      0.0 | 4.83396801938e+52 |  1.0963029983e+51 |
| 111016A |  4.46005415444 |  0.0935100026097 |      318.445471318 |                      0.0 | 9.43332965927e+52 |  1.9855371327e+51 |
| 111005A |  2.30303279993 |   0.102385153256 |      135.690880131 |                      0.0 | 1.78262186258e+52 | 6.79102313148e+50 |
| 110928A |  2.35803334443 |   0.126198576567 |      119.463674329 |                      0.0 | 1.55611286077e+52 | 7.18724462997e+50 |
| 110915A |  1.89102872109 |  0.0209855748612 |      245.022676772 |                      0.0 | 3.12775649976e+52 |  2.7903153122e+50 |
| 110827A |  4.50705461975 |   0.105140364656 |      167.350287394 |                      0.0 | 4.32307560464e+52 | 1.01436629161e+51 |
| 110820A |  3.34004306633 |   0.103512172222 |      105.285217735 |                      0.0 | 1.82560296055e+52 | 5.35125439629e+50 |
| 110726A |  2.59703571056 |  0.0781488333525 |      150.973905259 |                      0.0 | 2.25649005012e+52 | 6.02508329598e+50 |
| 110719A | 0.865018563586 |  0.0502815164744 |      33.4402860551 |                      0.0 |  1.5809117339e+51 | 5.23823181824e+49 |
| 110709B | 0.943019335793 |  0.0204104300521 |      84.1477239564 |                      0.0 | 5.15704880651e+51 | 6.65776033619e+49 |
| 110530A |  5.49406439114 |   0.102332225479 |      228.732075505 |                      0.0 | 7.77273504781e+52 | 1.50529484882e+51 |
| 110521A |  4.54805502565 |  0.0840662043131 |      203.475307124 |                      0.0 | 5.54899954671e+52 | 1.03334954225e+51 |
| 110520A |  6.85507786518 |  0.0693520359455 |      746.065251091 |                      0.0 | 4.19945202885e+53 | 4.55672928652e+51 |
| 110519A |  3.83704798668 |  0.0274134104314 |       950.74931994 |                      0.0 |  3.1182559549e+53 |  2.1719324587e+51 |
| 110420A | 0.640016336063 |   0.011232167797 |       142.01236859 |                      0.0 | 7.96982630606e+51 | 6.70835671603e+49 |
| 110414A |  2.91403884889 |   0.109933691655 |      194.517059396 |                      0.0 | 3.41977057117e+52 | 1.18046885619e+51 |
| 110411A |  5.65106594546 |  0.0625639205362 |      624.213657263 |                      0.0 | 2.74955224319e+53 | 3.17867817987e+51 |
| 110407A |  3.14404112591 |  0.0284205374488 |      315.981118886 |                      0.0 | 6.65622379252e+52 | 5.61032509767e+50 |
| 110319A |  1.39302379084 |  0.0268914880507 |        109.5051138 |                      0.0 | 9.21856981144e+51 |   1.273160776e+50 |
| 110318B |  4.94005890649 |  0.0595688746363 |      304.697688562 |                      0.0 | 9.90928835004e+52 | 1.22130178754e+51 |
| 110315A |  5.56106505445 |  0.0480253636692 |       756.82702253 |                      0.0 | 3.42592902727e+53 | 3.08195691378e+51 |
| 110312A |  1.07802067231 |  0.0632209625533 |      44.5907568437 |                      0.0 | 2.57069190032e+51 | 9.61198650116e+49 |
| 110305A |  6.26607203402 |  0.0986639199648 |      691.095572283 |                      0.0 | 3.47326742105e+53 | 5.79627220637e+51 |
| 110223B |  3.55904523445 |  0.0695970461481 |       161.43776442 |                      0.0 | 3.27984559352e+52 | 6.15349975969e+50 |
| 110223A |  2.08103060211 |   0.120310720061 |      70.9260713611 |                      0.0 | 7.37195837381e+51 | 3.53787978118e+50 |
| 110212A |  2.84103812618 |  0.0534125453387 |      240.881890869 |                      0.0 | 4.34428939453e+52 | 7.42446710511e+50 |
| 110210A |  3.29104258123 |   0.137692145118 |      81.4505577033 |                      0.0 | 1.31311615828e+52 | 5.17846887272e+50 |
| 110208A |  4.75805710467 |  0.0697970726691 |      253.304232494 |                      0.0 | 7.60272351971e+52 | 1.13261503119e+51 |
| 110201A |  1.53502519665 |  0.0283787929572 |      72.5121711467 |                      0.0 | 5.96150818201e+51 |    8.20199814e+49 |
| 110106A | 0.980019702097 |   0.037489795674 |      55.7004775982 |                      0.0 | 3.18166986108e+51 | 7.40372976462e+49 |
| 101213A |  2.27603253263 |   0.067962354866 |      234.243132404 |                      0.0 | 3.45184882551e+52 | 8.80083467993e+50 |
| 101117B |  1.19602184052 |  0.0180073869494 |       154.13809982 |                      0.0 | 1.26330203614e+52 | 1.27313108148e+50 |
| 101020A |  3.75404716497 |   0.167881304078 |      151.107709083 |                      0.0 | 3.18328405763e+52 | 1.38154846662e+51 |
| 101017A | 0.452014474845 | 0.00565573575341 |      57.9622343341 |                      0.0 | 2.28366056097e+51 | 1.09320497384e+49 |
| 101008A |  2.39503371074 |  0.0475815652706 |      195.499722372 |                      0.0 | 2.88739282361e+52 | 4.97338854153e+50 |
| 100928A |  0.70501697957 |  0.0375813781767 |       40.926038164 |                      0.0 | 1.81216072515e+51 | 4.90899501093e+49 |
| 100917A |  3.75704719467 |   0.139909637855 |      175.516068761 |                      0.0 | 3.82869583375e+52 | 1.38392616702e+51 |
| 100915A |  6.17307111331 |   0.237965646232 |      330.858664512 |                      0.0 |  1.3825363156e+53 | 5.63686403265e+51 |
| 100905A |   1.9790295923 |  0.0588891471653 |      65.6514434239 |                      0.0 | 6.43155875881e+51 |  1.5625307476e+50 |
| 100904A |  2.39603372064 |  0.0713825964444 |      195.555351579 |                      0.0 | 2.89071021037e+52 |  7.4675267366e+50 |
| 100823A |  4.49105446134 |  0.0420644676939 |      350.672610842 |                      0.0 | 1.06958530172e+53 | 1.00699416821e+51 |
| 100807A |  2.14203120601 |  0.0405758330217 |      181.281915319 |                      0.0 | 2.39264452054e+52 | 3.79740583157e+50 |
| 100805A |  6.39007326163 |   0.111996330199 |      460.153106386 |                      0.0 | 2.15148293363e+53 | 4.00723522996e+51 |
| 100727A |  1.22002207812 |  0.0227866773593 |      54.2794565991 |                      0.0 | 3.54842314721e+51 | 4.47621559602e+49 |
| 100725A |  4.19505153092 |  0.0602080859113 |      235.927580997 |                      0.0 | 6.13865459865e+52 | 8.74359517135e+50 |
| 100719A |  3.43804403654 |   0.138596500277 |       153.08838143 |                      0.0 | 2.97246093273e+52 | 1.14085038952e+51 |
| 100614A |  4.66705620376 |    0.11986480487 |      278.588204945 |                      0.0 | 8.38005024891e+52 | 2.17837512216e+51 |
| 100606A |  2.23803215642 |  0.0928623709423 |       176.09487188 |                      0.0 | 2.39734439461e+52 | 8.44969282487e+50 |
| 100526B |  6.74607678607 |   0.383976960554 |      103.259038428 |                      0.0 |  3.6326274251e+52 | 2.21307488197e+51 |
| 100526A |  1.40702392944 |   0.127498431353 |      43.8222638917 |                      0.0 | 3.01170710527e+51 | 1.96060023411e+50 |
| 100508A |  11.8661274746 |   0.129598008523 |        859.0959796 |                      0.0 | 9.15875597851e+53 | 1.13380625588e+52 |
| 100324A |  4.16405122401 |   0.140485451862 |      117.036869557 |                      0.0 | 2.57487358355e+52 | 8.60891868514e+50 |
| 100316C |   2.0690304833 |  0.0900176664951 |      50.5412085817 |                      0.0 | 4.83793619923e+51 | 1.74396822636e+50 |
| 100316A |  3.17404142291 |  0.0713854833008 |        404.1090337 |                      0.0 | 9.08925049897e+52 | 1.91043869121e+51 |
| 100305A |  5.72706669787 |   0.135103387355 |      472.843901093 |                      0.0 | 1.98181574181e+53 | 4.89165321457e+51 |
| 100213A |  5.69706640086 |  0.0386523881577 |      934.337212506 |                      0.0 | 4.55150711763e+53 | 3.22848547123e+51 |
| 100212A |   1.0360202565 |  0.0223994851442 |      68.5619233779 |                      0.0 | 4.25206076873e+51 | 5.74919828231e+49 |
| 100205A |  4.99305943119 |   0.104096166009 |       196.53667623 |                      0.0 | 5.84424794025e+52 | 1.24757500479e+51 |
| 100119A | 0.491014860949 |  0.0184501391542 |      56.5248484447 |                      0.0 | 2.28516655074e+51 | 3.47526090879e+49 |
| 100111A |  3.89704858069 |   0.044284767302 |      474.415901555 |                      0.0 |  1.3467264387e+53 | 1.49675674404e+51 |
| 091208A |  3.72504687787 |  0.0466049679932 |      423.439831122 |                      0.0 | 1.12080543061e+53 | 1.35865190461e+51 |
| 091130B |  1.20902196922 |  0.0494402374277 |      49.8762304319 |                      0.0 | 3.17657228828e+51 |  8.7375794633e+49 |
|  091104 |  4.61005563946 |   0.104984162725 |       173.32317027 |                      0.0 |  4.6189246337e+52 | 1.06230537602e+51 |
|  091102 |  1.59602580056 |  0.0455261102393 |      93.7546274077 |                      0.0 | 8.41712063165e+51 | 1.81412402804e+50 |
|  091026 |  3.57904543245 |  0.0569784961659 |       468.63454053 |                      0.0 | 1.22197596895e+53 | 1.86874730062e+51 |
| 090929B |  2.20303180992 |  0.0223771517264 |      309.957804638 |                      0.0 | 4.73594855446e+52 | 4.06632806406e+50 |
|  090916 |  2.69803671047 |  0.0623864717133 |      269.822022502 |                      0.0 | 4.76584832753e+52 | 9.88123678196e+50 |
|  090912 |  4.34705303573 |  0.0421217440364 |      333.382961078 |                      0.0 | 9.72542062315e+52 | 9.41568952212e+50 |
| 090904A |  1.08602075151 |  0.0267471723718 |      65.6267495021 |                      0.0 | 4.14907873133e+51 | 6.53826939692e+49 |
| 090831C |   1.0250201476 |  0.0489324974746 |      20.1838386607 |                      0.0 | 9.40078968882e+50 | 2.79179968324e+49 |
| 090814A |  3.40404369994 |   0.138405224434 |      150.765730443 |                      0.0 | 2.88977235985e+52 | 1.11613410787e+51 |
|  090807 |  2.54603520565 |   0.110963211956 |      109.528951234 |                      0.0 | 1.49520743516e+52 | 5.75028416796e+50 |
|  090728 |  1.27002257313 |  0.0840583211117 |      49.8327120235 |                      0.0 | 3.28517178406e+51 | 1.49506647384e+50 |
|  090727 |  5.38906335163 |  0.0821999543256 |      265.966077224 |                      0.0 | 9.16982822061e+52 |   1.449931432e+51 |
| 090715A |  1.72402706777 |  0.0424897259639 |      243.116466896 |                      0.0 | 2.88208870667e+52 | 5.52499307449e+50 |
|  090712 |  2.91303883899 |   0.089568295613 |      165.170064158 |                      0.0 | 2.79530992388e+52 | 7.86361062575e+50 |
| 090709A | 0.681016741967 |   0.007042683661 |      97.5436131393 |                      0.0 | 5.18413739145e+51 | 2.66928243336e+49 |
|  090628 |  2.81003781928 |  0.0532631730872 |      236.808696446 |                      0.0 |  4.2133777149e+52 |  7.2390241521e+50 |
|  090607 |  10.2031110107 |  0.0425286484176 |      1025.26301857 |                      0.0 | 9.60238636915e+53 |  4.4799586031e+51 |
| 090531A |  2.43803413644 |  0.0589168196008 |      169.627909169 |                      0.0 | 2.46377868432e+52 | 5.18898824679e+50 |
| 090429B |  3.61304576906 |  0.0522826848454 |      367.050973929 |                      0.0 | 9.13008422419e+52 | 1.27173547123e+51 |
| 090429A |  4.64005593646 |  0.0699544154318 |      243.553527683 |                      0.0 | 7.06153842227e+52 | 1.07642290373e+51 |
|  090419 |  4.70205655027 |   0.104813347831 |      178.791753638 |                      0.0 | 4.89492680955e+52 | 1.10581673528e+51 |
|  090410 |  10.4231131887 |  0.0153884325076 |      2401.43691155 |                      0.0 | 2.79927657431e+54 | 4.63455026371e+51 |
|  090404 |  3.24904216542 |  0.0433881170878 |      358.528648637 |                      0.0 | 8.01992567576e+52 | 1.00647267598e+51 |
| 090401B | 0.430014257043 | 0.00276242660225 |      110.846295001 |                      0.0 | 4.97782006545e+51 | 1.18179311956e+49 |
| 090401A | 0.629016227162 |  0.0079096456443 |      112.543835933 |                      0.0 |  5.9433739325e+51 | 3.54663548418e+49 |
| 090309A |    3.994049541 |  0.0935865144657 |      268.287521797 |                      0.0 | 6.84748229636e+52 | 1.57704188303e+51 |
| 090308A |  12.9621383251 |              0.0 |         329.083621 |                      0.0 | 3.11402785894e+53 |               0.0 |
| 090307A |  10.4031129907 |   0.146430654796 |      383.161331336 |                      0.0 | 2.92768690387e+53 | 4.62045866842e+51 |
| 090301A | 0.229012267123 | 0.00239752013642 |      33.0887220612 |                      0.0 | 9.29788878656e+50 | 2.22916530904e+48 |
|  090201 | 0.565015593556 |  0.0107977684266 |      120.410374694 |                      0.0 |  6.1480427789e+51 | 5.21319660353e+49 |
|  090123 |   3.9950495509 |  0.0743193178664 |      450.247459853 |                      0.0 | 1.29434780489e+53 | 2.36681759124e+51 |
|  090111 |  1.56802552336 |  0.0701619256828 |      63.6728077309 |                      0.0 | 5.16168199533e+51 |  1.7331864778e+50 |
| 090107A |  3.52404488795 |  0.0758368807537 |      260.423728882 |                      0.0 | 5.84613553371e+52 |   1.204409906e+51 |
|  081230 |  3.48704452165 |   0.059508812978 |      177.377496737 |                      0.0 | 3.61019242447e+52 | 5.88441294481e+50 |
|  081228 |  2.12503103771 |  0.0606698989413 |      73.2152786469 |                      0.0 | 7.80412555384e+51 | 1.86206598636e+50 |
| 081211A |  3.90004861039 |   0.105180401915 |      234.968827367 |                      0.0 | 5.68299619562e+52 | 1.49921419567e+51 |
|  081210 |  1.55902543425 |  0.0251812727115 |      144.936103952 |                      0.0 | 1.41199001261e+52 | 1.70760171294e+50 |
|  081128 |   1.9750295527 |  0.0543113888245 |      122.730278497 |                      0.0 | 1.38588467214e+52 | 3.10941435143e+50 |
|  081127 |  7.50408429034 |   0.121897674695 |      529.747782293 |                      0.0 | 3.03958339523e+53 | 5.35468356434e+51 |
| 081109A |  3.61304576906 |              0.0 |      270.605026425 |                      0.0 | 6.27693290413e+52 |               0.0 |
|  081104 |  2.67903652237 |   0.118297434989 |      158.266682461 |                      0.0 | 2.45959521404e+52 | 9.71978707161e+50 |
|  081102 |  2.11503093871 |  0.0778559007201 |      144.869659751 |                      0.0 | 1.79771072192e+52 | 5.52205668607e+50 |
|  081022 |  3.37204338313 |  0.0691077554708 |      148.619728453 |                      0.0 | 2.81339447654e+52 | 5.46543631985e+50 |
|  081017 |  15.5521639663 |  0.0270967988134 |      353.313324697 |                      0.0 | 4.18873565998e+53 | 8.42748608179e+50 |
| 081016B |  3.15704125461 |   0.082010463878 |      115.801228994 |                      0.0 |  1.9462505679e+52 | 4.71884344431e+50 |
|  081011 |  8.69709610116 |   0.083856475501 |      490.034387324 |                      0.0 | 3.24591668014e+53 | 3.44972245747e+51 |
| 080916B |  3.68604649176 |   0.139688804354 |      170.431771838 |                      0.0 | 3.62516649407e+52 | 1.32811244806e+51 |
| 080915B |  1.11702105841 | 0.00913195510087 |       232.16742356 |                      0.0 | 1.99693693759e+52 | 1.05865590095e+50 |
| 080915A |  2.93503905679 |  0.0807544394229 |      103.548037437 |                      0.0 | 1.58598005467e+52 | 4.00006421807e+50 |
|  080903 |  2.42703402754 |   0.047797205935 |      113.504690102 |                      0.0 | 1.49740603346e+52 | 2.56670262579e+50 |
| 080822B |   4.0000496004 |   0.140386645102 |      29.6915429883 |                      0.0 | 4.58480195746e+51 | 1.58206363042e+50 |
|  080802 |  13.4471431266 |              0.0 |      863.938471933 |                      0.0 | 1.06349445778e+54 |               0.0 |
| 080727B | 0.771017632976 | 0.00528120028914 |      117.023100157 |                      0.0 | 6.90121875548e+51 | 2.52922479067e+49 |
| 080727A |  7.36808294393 |   0.246041640669 |      292.250155754 |                      0.0 | 1.43479702209e+53 | 5.18471618295e+51 |
| 080723A |  2.76703739357 |  0.0442065188709 |      152.680671612 |                      0.0 | 2.42173175869e+52 | 3.49272429956e+50 |
|  080703 |  1.96802948339 |  0.0704955259168 |      98.6450156043 |                      0.0 |  1.0558586967e+52 | 3.08213053687e+50 |
| 080702B |  3.30704273963 |  0.0826803108145 |      124.319302968 |                      0.0 | 2.21875758814e+52 | 5.23461394474e+50 |
|  080701 |  2.86203833408 |  0.0364847613495 |      332.715646679 |                      0.0 | 6.50394678095e+52 | 7.55133594154e+50 |
|  080623 |  1.24002227612 |  0.0414256573658 |      84.3867355354 |                      0.0 | 6.17121865048e+51 | 1.40261955184e+50 |
| 080613B |  1.45602441454 |  0.0224649257778 |      138.647657847 |                      0.0 |  1.2717989341e+52 | 1.42969252968e+50 |
|  080602 | 0.832018236882 |  0.0146191392994 |      60.3381093327 |                      0.0 |  3.1940446849e+51 | 3.13245529974e+49 |
|  080524 |  3.92804888759 |   0.210432446175 |      135.157627595 |                      0.0 | 2.90061828601e+52 | 1.52222958937e+51 |
|  080523 |  4.57205526325 |  0.0840369670329 |      205.191371451 |                      0.0 | 5.63522282777e+52 | 1.04452281702e+51 |
|  080517 |  2.65203625506 |   0.131059038346 |      102.846856116 |                      0.0 | 1.43485364443e+52 |  6.3283630296e+50 |
|  080515 |  1.10602094951 |    0.04614683271 |      121.311393217 |                      0.0 | 8.92975384806e+51 | 2.40475359151e+50 |
|  080506 |  2.23503212672 |  0.0928153047609 |      56.8967715089 |                      0.0 |  5.9714074019e+51 | 2.10556950499e+50 |
|  080503 |  1.34602332553 |  0.0322227661007 |      50.1619372924 |                      0.0 | 3.44480371038e+51 | 5.81496166745e+49 |
|  080409 |  1.62502608766 |  0.0260819679317 |      212.631315651 |                      0.0 | 2.33403524673e+52 | 2.85013890113e+50 |
|  080328 |  5.13106079741 |  0.0226192002228 |      1730.92244943 |                      0.0 | 8.71326414257e+53 | 3.95070302525e+51 |
|  080325 |  1.22002207812 |   0.117188626412 |      61.5621887535 |                      0.0 | 4.13982700508e+51 | 2.68572935744e+50 |
|  080320 |   7.0510798056 |  0.0627969671967 |      477.364223752 |                      0.0 | 2.50058738922e+53 |  2.3970575325e+51 |
| 080319D |  15.1331598182 |   0.196484344472 |      446.832291866 |                      0.0 | 5.41667898235e+53 | 8.10762208746e+51 |
| 080319A |  1.34502331563 |  0.0483132147871 |      63.3254209662 |                      0.0 | 4.58408710997e+51 | 1.16070943914e+50 |
|  080315 |   38.858394698 |  0.0106129401265 |      1675.66838126 |                      0.0 | 8.35585983211e+54 | 2.73438044641e+51 |
|  080307 |  6.43107366754 |  0.0977724637654 |      294.963975059 |                      0.0 | 1.25380492337e+53 | 2.02743456415e+51 |
|  080303 |  4.65205605526 |  0.0599484242538 |      487.293367133 |                      0.0 | 1.66023617401e+53 | 2.16417844343e+51 |
| 080229A |  1.11202100891 | 0.00905253190771 |      166.452804147 |                      0.0 | 1.32359608462e+52 | 6.97235011512e+49 |
| 080218B |  1.59202576096 |  0.0615995890307 |      178.324727811 |                      0.0 |  1.8513606391e+52 | 5.40731176793e+50 |
| 080218A | 0.567015613356 |  0.0454757386502 |      17.8679533686 |                      0.0 | 5.90640063237e+50 | 2.10659584388e+49 |
|  080212 |  5.81306754928 |   0.100932028352 |      612.005319586 |                      0.0 |  2.7641964112e+53 | 5.03277005167e+51 |
|  080205 |  3.48204447214 |  0.0594979739153 |      311.001925055 |                      0.0 | 7.19098061188e+52 | 1.17318368892e+51 |
|  080130 |  7.12408052831 |   0.187511636372 |       198.62714542 |                      0.0 | 8.60759898688e+52 | 2.44167531669e+51 |
|  080129 |   5.0720602133 |   0.207718296655 |      114.603464129 |                      0.0 | 3.06141483824e+52 | 1.28710135868e+51 |
|  080123 |  6.45207387544 |  0.0868061150533 |      1008.11320925 |                      0.0 | 5.69893635207e+53 | 8.15866043424e+51 |
|  071129 |  5.14606094591 |  0.0921085847494 |      398.696657405 |                      0.0 | 1.43824112882e+53 | 2.64902973808e+51 |
|  071118 |  8.70309616056 |   0.111757583869 |      388.224525247 |                      0.0 | 2.43987806509e+53 | 3.45371641059e+51 |
|  071101 |   4.0510501053 |    0.10532668885 |      141.766744778 |                      0.0 | 3.17041886911e+52 | 8.12503577429e+50 |
| 071028A |  8.24309160652 |   0.115673360133 |      353.531281374 |                      0.0 | 2.04838329984e+53 | 3.15049796487e+51 |
|  071025 | 0.849018405184 |   0.026879845167 |      38.4613162792 |                      0.0 | 1.85531578765e+51 | 3.31478413572e+49 |
|  071020 | 0.578015722257 | 0.00577007661404 |      79.2470110653 |                      0.0 | 3.71556268028e+51 | 1.66973183995e+49 |
|  071018 |  12.3701324642 |   0.124187859433 |      528.767294875 |                      0.0 |  5.2889207272e+53 | 6.03757268163e+51 |
|  071013 |  5.68406627216 |   0.203041030275 |      241.522152297 |                      0.0 | 8.60999398871e+52 | 3.21438425672e+51 |
|  071011 |  1.69702680047 |  0.0580297556324 |      120.756896432 |                      0.0 |  1.2042456753e+52 | 3.18443550807e+50 |
|  071008 |  2.24403221582 |  0.0743649151606 |      68.6653090073 |                      0.0 | 7.54678570399e+51 | 2.12616433725e+50 |
|  071006 |  1.10802096931 |  0.0594004613241 |      324.064075057 |                      0.0 | 2.99059006703e+52 | 1.03567539969e+51 |
|  071001 |  2.21203189902 |  0.0410890928164 |      108.364233126 |                      0.0 |  1.3060946256e+52 | 2.05339844332e+50 |
| 070920B |  2.08303062191 |  0.0451343652987 |      89.7466598662 |                      0.0 | 9.85500053239e+51 | 1.77311962327e+50 |
| 070920A |  7.39808324093 |   0.122773932032 |      294.246265308 |                      0.0 | 1.45323688815e+53 | 2.61104457564e+51 |
|  070917 | 0.753017454775 | 0.00696210031408 |      123.355549643 |                      0.0 | 7.27158146272e+51 | 3.54923530516e+49 |
|  070913 |  1.87202853299 |  0.0492384496776 |      120.025008508 |                      0.0 | 1.29123782191e+52 | 2.72065667971e+50 |
|  070911 |  1.11202100891 |  0.0132306235574 |       122.27102569 |                      0.0 | 9.05618373687e+51 | 6.97235011512e+49 |
|  070808 |   1.0160200585 |  0.0243235437807 |      61.5245745504 |                      0.0 | 3.67562816353e+51 | 5.45023782774e+49 |
|  070805 |  4.32005276843 |   0.120368066501 |      247.003237654 |                      0.0 | 6.68539928012e+52 | 1.85897940149e+51 |
|  070731 |  1.83002811718 |  0.0568437932244 |      102.208919799 |                      0.0 | 1.04108377399e+52 | 2.56998069612e+50 |
| 070721A |  3.40904374944 |  0.0593288631164 |      171.335452701 |                      0.0 | 3.38547150749e+52 | 5.59877047962e+50 |
| 070714A |  1.52702511745 |  0.0345877724118 |      107.353599208 |                      0.0 | 9.62059844542e+51 | 1.61832970153e+50 |
|  070704 |  3.75804720457 |  0.0399749923256 |      486.457844718 |                      0.0 | 1.34106602697e+53 | 1.38471911166e+51 |
|  070628 | 0.374013702637 | 0.00669152244901 |      25.7694529264 |                      0.0 | 7.88288592473e+50 | 4.71814191994e+48 |
|  070621 |  1.70402686977 |  0.0395412589672 |      166.307973167 |                      0.0 | 1.79059062797e+52 | 3.21801215316e+50 |
|  070616 |  5.16106109441 |  0.0300520991383 |      745.064083384 |                      0.0 | 3.11105717616e+53 | 1.86500144732e+51 |
| 070612B |  2.17903157232 |  0.0580512396866 |      240.751084502 |                      0.0 | 3.44029769111e+52 | 7.72084020804e+50 |
|  070531 |  5.14306091621 |  0.0911961941161 |      433.956014611 |                      0.0 |  1.5952757249e+53 | 2.91057994078e+51 |
| 070520B |  7.47108396364 |    0.11932991129 |      400.990751622 |                      0.0 | 2.14833162439e+53 | 3.71931991688e+51 |
| 070520A |  4.71205664927 |   0.142899643327 |      193.846648162 |                      0.0 | 5.41816849469e+52 | 1.66587736939e+51 |
|  070518 |  6.57007504365 |   0.074175827829 |      470.328841676 |                      0.0 | 2.27646413433e+53 | 2.74141580587e+51 |
|  070517 |  5.27606223292 |  0.0738499442583 |      433.439336741 |                      0.0 | 1.63531721953e+53 | 2.36492200969e+51 |
|  070509 |  3.66604629376 |  0.0739162192316 |      187.119431725 |                      0.0 | 4.04509982185e+52 | 7.87538560984e+50 |
| 070429A |  5.75106693547 |   0.148124529454 |       251.08644176 |                      0.0 | 9.14303313251e+52 | 2.46545310466e+51 |
|  070427 |   4.0790503825 |  0.0408787971976 |      383.174133945 |                      0.0 | 1.08344897627e+53 |  1.0717066717e+51 |
|  070420 | 0.715017078571 |  0.0202682692761 |      98.0607421377 |                      0.0 | 5.34674242047e+51 |   7.765856507e+49 |
| 070419B |  2.59903573036 |   0.048146329134 |      196.402039982 |                      0.0 | 3.12060103011e+52 | 5.13058813605e+50 |
|  070412 |  2.90703877959 |  0.0732471517169 |      127.945004824 |                      0.0 | 2.03811027806e+52 |  4.6959404568e+50 |
|  070330 |  10.0451094465 |  0.0479752200161 |       1200.8550539 |                      0.0 | 1.14594100693e+54 | 6.11731853205e+51 |
|  070328 |  1.65502638466 |  0.0184667793452 |        243.5095005 |                      0.0 |  2.7954254989e+52 |  2.3895830216e+50 |
|  070227 |  2.33903315633 |   0.103775275528 |      446.579869679 |                      0.0 | 7.81252048761e+52 | 2.98411953483e+51 |
|  070224 |  9.16510073441 |   0.104668159842 |      470.529731568 |                      0.0 | 3.27191179235e+53 | 4.14053416065e+51 |
|  070223 |  7.94208862659 |  0.0771040985074 |      653.338567459 |                      0.0 | 4.18352045973e+53 |  4.4333526042e+51 |
|  070220 |  1.92402904779 |  0.0172112233235 |      402.568138745 |                      0.0 | 5.83986603133e+52 | 4.22459250676e+50 |
|  070219 |  1.24202229592 |  0.0536379973678 |      34.7510224674 |                      0.0 | 2.07610422834e+51 | 6.10426899552e+49 |
|  070107 |  2.56403538385 |  0.0454421399681 |      257.035614656 |                      0.0 | 4.29071651727e+52 | 6.72354743196e+50 |
|  061218 |  3.95204912519 |   0.194296094029 |      96.0901692145 |                      0.0 | 1.91877677162e+52 | 9.25242260309e+50 |
|  061202 |   1.0020199199 |   0.016322533869 |      72.3513226182 |                      0.0 | 4.45065640277e+51 | 4.45959206835e+49 |
|  061126 | 0.524015187652 | 0.00582490901479 |      76.3527399505 |                      0.0 | 3.39369398672e+51 | 1.59413248865e+49 |
|  061102 |  2.70103674017 |  0.0859212243626 |      48.4834089378 |                      0.0 | 5.78702236233e+51 | 1.65114078135e+50 |
|  061028 |  4.86705818378 |   0.122112171763 |       280.16685782 |                      0.0 | 8.80527960313e+52 | 2.25233815591e+51 |
|  061019 |  3.18604154172 |   0.085250718561 |      380.384075781 |                      0.0 | 8.46750804993e+52 | 2.11934673652e+51 |
|  061006 | 0.700016930069 | 0.00749083734327 |      73.8178399061 |                      0.0 | 3.73109959841e+51 | 2.02053252425e+49 |
|  061004 | 0.839018306183 |  0.0134325972153 |      54.9032210751 |                      0.0 | 2.85780193239e+51 |  2.5654168826e+49 |
|  061002 |  1.47002455315 |  0.0978659502357 |      52.8223311199 |                      0.0 | 3.91339676674e+51 | 1.90561916389e+50 |
|  060929 |  10.9381182873 |  0.0867226037575 |      768.099409053 |                      0.0 |  7.2803884836e+53 | 6.49984301753e+51 |
| 060923C |  2.27503252273 |   0.140149594807 |      119.194475019 |                      0.0 | 1.50444900962e+52 | 7.91235173341e+50 |
| 060923B |  1.91202892899 |   0.075551537586 |       132.62494865 |                      0.0 | 1.48430265564e+52 | 4.73284159947e+50 |
| 060923A | 0.754017464675 |  0.0388918625209 |      27.1263331383 |                      0.0 | 1.13302037173e+51 |  3.0875530621e+49 |
|  060919 |  1.74202724597 |  0.0471386942522 |      150.499463064 |                      0.0 | 1.61095099362e+52 | 3.40361159479e+50 |
| 060904A | 0.928019187292 | 0.00939598908309 |       109.86317578 |                      0.0 | 7.08894691995e+51 | 4.24585109694e+49 |
|  060825 |  2.74203714607 |  0.0253649167785 |      363.524045755 |                      0.0 | 6.97905679031e+52 |  5.8139857454e+50 |
|  060813 |  1.57202556296 |  0.0139479918848 |      410.077190571 |                      0.0 | 5.10444292355e+52 | 3.40201825965e+50 |
|  060807 |  7.54208466655 |  0.0703125748917 |      695.689927286 |                      0.0 | 4.27225699596e+53 | 4.32193651437e+51 |
| 060805A |  3.54804512555 |    0.13505248741 |      101.233862958 |                      0.0 | 1.84225740787e+52 |  6.7232617077e+50 |
|  060804 |  4.50605460985 |    0.10793306512 |      389.445819983 |                      0.0 | 1.22047632158e+53 | 2.94032432627e+51 |
|  060717 |  1.89202873099 |  0.0705517919577 |      56.2037340371 |                      0.0 | 5.12546064717e+51 | 1.53670403659e+50 |
|  060712 |  3.72404686797 |   0.153451994933 |      392.341396158 |                      0.0 | 1.02039352462e+53 | 4.07359564753e+51 |
|  060708 |  2.23503212672 |  0.0267920467341 |      205.590915765 |                      0.0 | 2.89613258992e+52 | 2.94779730687e+50 |
| 060607B |  1.79802780038 |  0.0579168847245 |      116.684067653 |                      0.0 | 1.20789533761e+52 | 3.07280043956e+50 |
|  060516 |  3.64204605616 |   0.283168284347 |      105.380635379 |                      0.0 | 1.98494212166e+52 | 1.48810952063e+51 |
|  060515 |  5.45106396544 |   0.100005933143 |      405.070239874 |                      0.0 | 1.55628743835e+53 | 2.96507793732e+51 |
| 060510A | 0.589015831158 |    0.01260220411 |      128.771403598 |                      0.0 | 6.81177920314e+51 | 6.63942899117e+49 |
|  060507 |  2.39403370084 |  0.0659303301009 |      161.871301632 |                      0.0 | 2.28923689018e+52 | 5.46527121238e+50 |
|  060501 |  1.81502796868 |   0.044613088144 |       151.73153688 |                      0.0 | 1.68012711894e+52 | 3.27245435013e+50 |
| 060428B |  2.60503578976 |  0.0888877479664 |      108.138429845 |                      0.0 | 1.50202236277e+52 | 4.55156347972e+50 |
| 060428A |  1.40202387994 |  0.0260434004045 |      113.917071095 |                      0.0 | 9.71771083139e+51 | 1.29489997342e+50 |
|  060427 |  12.2241310188 |   0.121076842491 |      659.935654999 |                      0.0 | 6.85151808662e+53 | 7.70961400108e+51 |
|  060424 |  3.89204853119 |  0.0496451913077 |      413.673999692 |                      0.0 | 1.13696615922e+53 | 1.41803141796e+51 |
|  060421 |  1.46502450365 |  0.0186315739989 |      150.075137425 |                      0.0 | 1.40764708918e+52 | 1.30759717748e+50 |
|  060413 |  2.30503281973 |  0.0484555716789 |      118.513219346 |                      0.0 | 1.51071751025e+52 | 2.72209382992e+50 |
|  060403 |  5.27506222302 |   0.056475463685 |      433.342461064 |                      0.0 | 1.63439216235e+53 | 1.80779808747e+51 |
|  060323 |  4.20105159032 |  0.0810489763667 |      258.267278368 |                      0.0 | 6.86863652235e+52 | 1.31546346338e+51 |
|  060322 |  3.44804413554 |  0.0399954136619 |      422.869946142 |                      0.0 | 1.03898946691e+53 | 1.14816454737e+51 |
|  060319 |  3.92304883809 |  0.0540529076577 |      304.919414535 |                      0.0 | 7.87524838836e+52 | 1.06267645935e+51 |
|  060312 |  3.19104159122 |  0.0375961028309 |      292.444471112 |                      0.0 | 6.13806292556e+52 | 6.76712310886e+50 |
|  060306 |  1.26302250383 |  0.0163722254553 |      211.508405725 |                      0.0 | 1.93301669658e+52 | 1.71872475427e+50 |
| 060223B |  1.40802393934 |  0.0207398181796 |      138.203452327 |                      0.0 | 1.23712073247e+52 | 1.30950786936e+50 |
|  060219 |  4.16405122401 |   0.127942107934 |      194.545272253 |                      0.0 | 4.80643068929e+52 | 1.46351617634e+51 |
| 060211B |  1.43802423634 |  0.0536343148388 |      46.9101404983 |                      0.0 | 3.32713981189e+51 | 8.99554855989e+49 |
| 060211A |  4.23805195662 |    0.12040825054 |      158.201081084 |                      0.0 | 3.79384823096e+52 |  1.0718111749e+51 |
| 060204B |  1.11202100891 |  0.0286663510405 |      51.6140016962 |                      0.0 | 3.13483283199e+51 | 5.22926258622e+49 |
|  060203 |  1.16502153362 |  0.0841461753848 |      28.7120981197 |                      0.0 | 1.57280882276e+51 | 7.51276804846e+49 |
|  060202 |  4.33205288723 |   0.140419413346 |      191.684968679 |                      0.0 |  4.9102844621e+52 | 1.58924641746e+51 |
|  060117 | 0.261012583926 | 0.00270552564563 |      88.6573631634 |                      0.0 | 3.23354093147e+51 | 8.52633672826e+48 |
|  060116 |  3.91504875889 |   0.121311823338 |      308.481613555 |                      0.0 | 7.97275562487e+52 | 2.41844177078e+51 |
| 060111B |  4.96905919359 |  0.0803556893655 |      540.452608286 |                      0.0 | 2.01649766131e+53 |  3.3362635532e+51 |
| 060111A |  4.75105703537 |  0.0367406597913 |      592.728351184 |                      0.0 | 2.15740229257e+53 | 1.69387865438e+51 |
|  060110 |  5.76306705427 |  0.0342564238036 |      873.439239867 |                      0.0 | 4.24134631603e+53 | 2.64030408388e+51 |
|  060109 |   6.1000703906 |   0.101645678586 |      308.529618591 |                      0.0 |  1.2532693345e+53 | 2.20507091735e+51 |
|  060105 |  1.87002851319 |   0.016669359309 |       466.62521435 |                      0.0 |  6.8422396614e+52 | 4.88408104029e+50 |
|  060102 |  4.49305448114 |    0.13283194194 |      159.708239301 |                      0.0 | 4.06971945942e+52 | 1.20949748895e+51 |
|  051227 |  3.77704739267 |  0.0530393367617 |      257.178077306 |                      0.0 | 6.15507434884e+52 | 8.39892534471e+50 |
| 051221B |  2.62303596796 |   0.145151984143 |      92.8515374908 |                      0.0 | 1.25259634286e+52 | 6.16755957882e+50 |
|  051213 |  4.71305665917 |   0.122256197116 |      208.147983188 |                      0.0 | 5.91441986936e+52 | 1.55548700219e+51 |
| 051117A |  1.94102921609 |  0.0590048431352 |       92.557415588 |                      0.0 | 9.66239465812e+51 | 2.38245648106e+50 |
|  051114 |  1.81002791918 |  0.0727078755533 |      64.8330467114 |                      0.0 | 5.89589139981e+51 | 1.87487439758e+50 |
|  051113 |  4.78205734227 |  0.0595297093083 |      748.456434313 |                      0.0 | 2.89359578258e+53 | 3.66134887597e+51 |
| 051021B |  7.29908226082 |  0.0648829910845 |      639.107452607 |                      0.0 | 3.71477145129e+53 | 3.56931416321e+51 |
| 051016A |  4.70005653047 |   0.114620426301 |      492.351145727 |                      0.0 | 1.69886035428e+53 |  4.1984832116e+51 |
|  051012 |  2.73403706687 |  0.0972718759142 |      97.4332401583 |                      0.0 | 1.37930958322e+52 | 4.41593124777e+50 |
| 050922B |  1.68802671137 |   0.116897288894 |      78.4468305956 |                      0.0 | 7.05345466161e+51 | 3.76985478061e+50 |
|  050916 |  1.52902513725 |   0.110226485771 |      46.9899149206 |                      0.0 | 3.48621489084e+51 | 1.86740643887e+50 |
| 050915B | 0.735017276573 |  0.0176172268753 |       41.025011742 |                      0.0 |  1.8592830053e+51 | 2.32023047174e+49 |
|  050911 |  1.31302299883 |  0.0429791492271 |      66.2959427483 |                      0.0 | 4.76866575026e+51 | 1.08899686303e+50 |
|  050904 |  4.70005653047 |   0.114960979347 |      255.233368081 |                      0.0 | 7.57765050109e+52 | 1.87826880513e+51 |
|  050827 |  2.09703076051 |  0.0393551883142 |       178.54705609 |                      0.0 |  2.3083502918e+52 | 3.60503987209e+50 |
|  050822 | 0.667016603366 |  0.0177054231488 |      34.1532103628 |                      0.0 | 1.41347677786e+51 | 1.84504492775e+49 |
| 050820B |  1.50702491945 |  0.0140844344653 |       199.35012953 |                      0.0 | 2.03850921887e+52 |  1.4074900238e+50 |
|  050815 |  5.31506261903 |  0.0899171428158 |      281.100151998 |                      0.0 | 9.67817921556e+52 | 1.69359818619e+51 |
|  050801 |  2.84903820538 |  0.0384402881849 |      236.611575759 |                      0.0 | 4.26175138252e+52 | 5.23087577792e+50 |
|  050726 |  2.27703254253 |   0.102945193821 |      160.316711983 |                      0.0 | 2.16785788428e+52 | 8.36966378824e+50 |
|  050721 |  1.32602312753 |  0.0590351162079 |      102.857342936 |                      0.0 | 8.24233469003e+51 |   2.570978959e+50 |
|  050717 |  1.42202407794 |  0.0148923355252 |      263.936805605 |                      0.0 | 2.75663343064e+52 | 2.08312464816e+50 |
|  050716 | 0.922019127891 |  0.0365692950112 |      56.4611099875 |                      0.0 | 3.12094864054e+51 | 7.29789124784e+49 |
|  050715 |  2.20603183962 |  0.0492555247619 |      122.307656736 |                      0.0 | 1.51250698944e+52 | 2.85585657236e+50 |
| 050714B |  1.96002940419 |   0.148859369836 |      57.5623942978 |                      0.0 | 5.43022102094e+51 | 3.35621319433e+50 |
| 050713B |   3.0470401656 |   0.127233626053 |      282.618446224 |                      0.0 | 5.63682576499e+52 | 2.17796493588e+51 |
| 050713A | 0.471014662947 | 0.00970949776344 |      35.1504525106 |                      0.0 | 1.25308849106e+51 | 1.01651405628e+49 |
|  050712 |  4.77105723337 |   0.137018400381 |      237.025182158 |                      0.0 | 7.02540028141e+52 | 2.04996510453e+51 |
|  050701 |  2.22803205742 |  0.0243604422353 |      271.055580589 |                      0.0 | 4.05546704414e+52 | 3.76131831371e+50 |
|  050607 |  1.68702670147 |  0.0483168616761 |      74.5290753998 |                      0.0 | 6.62391775086e+51 |  1.4638397961e+50 |
|  050603 | 0.526015207452 | 0.00746807263191 |       145.83838223 |                      0.0 | 7.54576609948e+51 | 4.53842218377e+49 |
|  050528 |  1.37702363244 |  0.0747085627075 |      64.7790952669 |                      0.0 | 4.79598702999e+51 |  1.8525364618e+50 |
| 050509A |  2.56603540365 |  0.0519087240038 |      135.986892077 |                      0.0 | 1.96445805491e+52 | 3.51438507531e+50 |
| 050502B | 0.987019771398 |  0.0218413523575 |       44.447836499 |                      0.0 | 2.42187557927e+51 | 3.27175705578e+49 |
|  050422 |  2.67903652237 |  0.0760977651954 |      100.208264963 |                      0.0 |   1.401969272e+52 | 3.56392192616e+50 |
|  050421 |  3.67104634326 |   0.306127578622 |      85.7536328589 |                      0.0 | 1.55269395996e+52 |  1.2506218921e+51 |
|  050418 |   2.0290300873 |  0.0271734999965 |      298.348117429 |                      0.0 | 4.22093833926e+52 | 4.65374822449e+50 |
| 050416B | 0.413014088741 |  0.0127017919814 |      34.3869958475 |                      0.0 | 1.16028152747e+51 | 1.28183983796e+49 |
|  050412 |  10.9531184358 |  0.0291490678461 |       858.42487454 |                      0.0 | 8.35917475256e+53 | 2.50529421603e+51 |
|  050410 |  1.12002108811 |  0.0518364803758 |       65.909486354 |                      0.0 | 4.25840265332e+51 | 1.27965804571e+50 |
|  050326 | 0.836018276483 | 0.00679946202775 |      196.070004049 |                      0.0 | 1.36019247688e+52 | 6.19084319463e+49 |
|  050306 |  1.68002663217 |  0.0438677629151 |      218.008884632 |                      0.0 | 2.46853609842e+52 | 4.96589740979e+50 |
| 050219B | 0.275012722527 | 0.00540696070294 |      56.1406587157 |                      0.0 |  1.8716011561e+51 | 9.75447460765e+48 |
| 050219A |   4.0160497588 |  0.0417631755347 |      822.555342604 |                      0.0 | 2.72864843837e+53 |  2.7921011327e+51 |
| 050215B |  1.63202615696 |  0.0577416260098 |      53.2721475686 |                      0.0 |  4.2752979258e+51 | 1.15270207652e+50 |
| 050215A |  3.24704214562 |   0.109344181315 |      118.918302908 |                      0.0 | 2.06470263791e+52 |  6.5330879086e+50 |
|  050128 |  1.15202140491 |  0.0259589082709 |      218.385887604 |                      0.0 | 1.88896935874e+52 | 2.80037784576e+50 |
|  050124 |  1.40102387004 |  0.0206546136228 |      231.559958046 |                      0.0 | 2.32275299907e+52 | 2.45570112928e+50 |
|  050117 |  1.81302794888 |  0.0245645709582 |      174.181236079 |                      0.0 | 1.98817951446e+52 | 2.13374547745e+50 |
|  041228 |  1.20902196922 |  0.0422238052571 |      67.9389057684 |                      0.0 | 4.64934671285e+51 | 1.09219743293e+50 |
|  041226 |  7.52908453785 |  0.0521529331508 |      343.564819794 |                      0.0 | 1.79177887598e+53 | 1.34651939974e+51 |
|  041224 |   1.0460203555 |  0.0253017408016 |      88.1944678122 |                      0.0 | 5.82526097411e+51 | 8.85335180025e+49 |
|  041223 | 0.466014613446 | 0.00593099914091 |      49.9017159667 |                      0.0 | 1.92198049599e+51 | 9.55631420834e+48 |
|  041220 |  3.55104515525 |  0.0322909181872 |      395.055027876 |                      0.0 | 9.83095657617e+52 | 8.57268587576e+50 |
| 041219C |  3.37304339303 |  0.0423127296188 |      467.100719432 |                      0.0 | 1.14976874906e+53 |  1.3672553744e+51 |
|  041217 |  2.90703877959 |  0.0305374422599 |      859.375209437 |                      0.0 | 2.11839947084e+53 | 2.03490753121e+51 |
